# ApertureRA_1 ApertureDec_1 Magnitude_1 Bmag               ApertureRA_2 ApertureDec_2 Magnitude_2 imag               Separation           
  114.709036   21.770332     -9.0988     14.87539429449463  114.709003   21.770428     -12.4913    14.167700370788573 0.3627828371194795   
  114.691585   21.770108     -8.6883     15.285893867248536 114.69172    21.770209     -12.5442    14.114800056457518 0.579578293295264    
  114.596826   21.768867     -9.4478     14.526394317382813 114.596865   21.768944     -14.6558    12.003200134277343 0.30633443982655234  
  114.491801   21.764477     -8.1822     15.79199356817627  114.491945   21.764278     -11.7249    14.934099754333495 0.8631453179775597   
  114.723537   21.767031     -8.3795     15.59469361090088  114.72352    21.76712      -11.6334    15.025600036621093 0.3254021119975521   
  114.560112   21.764542     -7.2301     16.74409384512329  114.560307   21.764416     -10.9267    15.7323003616333   0.794231017319913    
  114.739504   21.766014     -7.2102     16.76399416708374  114.739694   21.766097     -10.6663    15.99270018005371  0.7020003872197791   
  114.552835   21.762005     -8.2345     15.739694068664551 114.55302    21.762044     -11.8487    14.81030043029785  0.6342697735852856   
  114.528277   21.760452     -8.1165     15.85769409918213  114.528254   21.760462     -11.3921    15.266899665832518 0.0849092682985115   
  114.499949   21.759888     -7.4903     16.48389382147217  114.499906   21.759865     -11.6101    15.04890020751953  0.16590841944676257  
  114.461303   21.759176     -8.4512     15.522994468444825 114.461043   21.759269     -12.1082    14.550799926757811 0.93155286747246     
  114.7069     21.762638     -7.7838     16.19039387487793  114.707049   21.762728     -11.1304    15.528600296020507 0.5942632277499813   
  114.71329    21.762022     -10.7569    13.217294166320801 114.713449   21.761936     -15.0473    11.611699661254882 0.6151888688705983   
  114.5493     21.748894     -8.6585     15.315694282287598 114.549288   21.748911     -12.244     14.41499956512451  0.07318091239532727  
  114.723049   21.749426     -7.6669     16.307293842071534 114.723021   21.749669     -11.0364    15.622600158691405 0.8797957428678578   
  114.469289   21.742396     -9.1676     14.80659432196045  114.469216   21.742308     -12.4638    14.195199569702147 0.399936338274593    
  114.550745   21.740901     -7.3123     16.661893794769288 114.550922   21.740738     -10.6318    16.027200302124022 0.8334570046612744   
  114.767625   21.742142     -9.8381     14.136093566650391 114.767652   21.742182     -13.3714    13.287600120544433 0.16996299604309473  
  114.641003   21.740357     -7.4794     16.494793842071534 114.641071   21.740419     -11.0537    15.60529955291748  0.3186274448189443   
  114.492293   21.735748     -7.9386     16.035593936676026 114.492423   21.735514     -11.6962    14.962799629211425 0.9479582048904585   
  114.708976   21.736876     -7.5365     16.437694022888184 114.70912    21.736762     -10.9455    15.713499626159667 0.6326989950190407   
  114.490263   21.733804     -8.1961     15.778093765014649 114.4902     21.733736     -11.6282    15.030800422668456 0.3229739576695075   
  114.609789   21.732805     -8.7916     15.182593772644044 114.609822   21.73302      -12.0682    14.590799888610839 0.7818275898676275   
  114.448166   21.727123     -7.9294     16.044794032806397 114.448071   21.727158     -11.3669    15.292099555969237 0.3417769051755148   
  114.498822   21.726955     -8.3526     15.62159390234375  114.498574   21.726887     -11.9926    14.666399559020995 0.864747867103812    
  114.440374   21.722138     -8.6893     15.284894416564942 114.440272   21.722154     -12.3225    14.336499771118163 0.34595376801632133  
  114.549355   21.722766     -8.9589     15.015293548339844 114.549333   21.722752     -12.3379    14.321099838256835 0.08918261037893915  
  114.549751   21.721552     -8.9589     15.015293548339844 114.549725   21.721711     -12.3393    14.31969984436035  0.5789669354111985   
  114.724738   21.724005     -9.855      14.119194457763673 114.724706   21.724045     -13.4028    13.256200393676757 0.17941264057167916  
  114.452429   21.719346     -8.8306     15.143594215148926 114.452335   21.719204     -12.0773    14.58169992828369  0.6001315943275285   
  114.621801   21.720592     -8.1754     15.798794219726563 114.622034   21.720453     -11.8353    14.823699554443358 0.9260795530194994   
  114.741352   21.716718     -9.3157     14.658494422668458 114.741337   21.716919     -12.3406    14.318399986267089 0.7253369682919386   
  114.641425   21.713181     -10.0744    13.899794051879883 114.641485   21.713213     -12.9587    13.700299819946288 0.23138968963431414  
  114.640311   21.71247      -10.0744    13.899794051879883 114.640179   21.712672     -12.9572    13.701799949645995 0.8507226660279926   
  114.596626   21.711201     -7.2009     16.773293922180176 114.596641   21.71121      -11.7076    14.95140036010742  0.05972197204502076  
  114.681991   21.70987      -8.6084     15.365793655151368 114.682094   21.709903     -12.5347    14.124299606323241 0.3644074518530485   
  114.725335   21.708849     -11.8932    12.080994079345704 114.725298   21.709047     -15.1639    11.495099624633788 0.7234629133465733   
  114.674712   21.707511     -7.5198     16.454393813842774 114.674806   21.707542     -11.3408    15.318199714660643 0.3336213305437699   
  114.734357   21.707568     -7.598      16.376193950408936 114.734143   21.707759     -10.9708    15.688199600219725 0.9925291896824426   
  114.45364    21.703513     -7.4722     16.5019940831604   114.453543   21.703354     -13.473     13.186000427246093 0.6579563428253796   
  114.565031   21.704684     -8.6711     15.303094337219239 114.565017   21.704663     -13.0369    13.622100433349608 0.08892752996598385  
  114.631423   21.705036     -9.9689     14.005294273132325 114.63147    21.705055     -13.5547    13.104300102233886 0.1714396978726655   
  114.678705   21.703903     -7.8715     16.10269398474121  114.678803   21.70393      -11.1767    15.4823003616333   0.34189691982288944  
  114.51765    21.700387     -9.2077     14.7664942243042   114.517783   21.700317     -13.9046    12.754399856567382 0.5112838453233339   
  114.580665   21.700536     -7.2499     16.724294135803223 114.580661   21.700697     -10.9794    15.67960031890869  0.5797544046777731   
  114.479082   21.696375     -7.1025     16.871694038146973 114.478996   21.696422     -11.2406    15.418400367736815 0.3337375245658905   
  114.538353   21.695963     -10.0194    13.954794357055665 114.538502   21.69591      -13.3653    13.293699821472167 0.5336740331002247   
  114.61429    21.697145     -9.0343     14.939894149536133 114.614319   21.697149     -13.4191    13.239900192260741 0.09806636702652172  
  114.626155   21.693989     -7.3062     16.66799397253418  114.626195   21.693994     -11.4081    15.25089987182617  0.13500600026639822  
  114.57387    21.69156      -7.6752     16.29899401449585  114.57386    21.691531     -11.0562    15.602799972534179 0.10962806101897152  
  114.586085   21.689979     -7.3168     16.657393882507325 114.586276   21.689786     -10.7895    15.869499763488768 0.943907441406193    
  114.706286   21.690484     -10.3399    13.634293983215333 114.706414   21.690495     -14.399     12.25999983215332  0.4299998892611169   
  114.523125   21.686872     -8.3414     15.632793853515626 114.523259   21.686793     -13.6187    13.040299972534179 0.5308629630229639   
  114.756946   21.688675     -7.4385     16.53569407247925  114.756946   21.688838     -10.9238    15.735199531555175 0.5867999999958599   
  114.500456   21.685519     -8.2824     15.691793868774415 114.500385   21.685408     -12.0353    14.623699745178222 0.46485619417189217  
  114.47853    21.684697     -8.6993     15.274894187683106 114.47844    21.684728     -12.2584    14.400600036621093 0.3210891633306304   
  114.702778   21.686779     -8.2803     15.693893859619141 114.7029     21.686787     -11.6489    15.010099967956542 0.409127403793522    
  114.472173   21.683564     -10.3659    13.608293960327149 114.472082   21.683411     -13.7656    12.893399795532225 0.629326148567457    
  114.464677   21.683286     -7.1989     16.77529377722168  114.464578   21.683296     -10.9962    15.662800392150878 0.33313215074881064  
  114.438264   21.6817       -9.9565     14.017693946594239 114.438148   21.681664     -14.2955    12.363500198364257 0.409124585222369    
  114.771442   21.684669     -8.737      15.237193534606934 114.77146    21.68482      -11.9239    14.735100349426268 0.5469247718052354   
  114.737347   21.682331     -8.6931     15.281094024414063 114.737133   21.682495     -11.9007    14.758300384521483 0.9279398027872001   
  114.620176   21.680493     -9.0547     14.919494102233887 114.620017   21.680653     -13.3405    13.318500122070311 0.7840288798461739   
  114.444347   21.676908     -7.1985     16.775693843597413 114.444234   21.676876     -10.4438    16.21520002746582  0.3951949562904684   
  114.610454   21.678624     -7.9722     16.0019940831604   114.610285   21.678777     -11.8025    14.856500228881835 0.7893170707943341   
  114.441172   21.676167     -7.4861     16.48809380316162  114.44106    21.675955     -11.1911    15.467899879455565 0.850215101344455    
  114.507013   21.674633     -7.8433     16.130894134277344 114.506754   21.674689     -11.193     15.466000160217284 0.8896193062234933   
  114.419106   21.672723     -9.0782     14.895993659729005 114.418977   21.672642     -11.9767    14.682300170898436 0.5208493787747857   
  114.591397   21.674192     -7.3332     16.640994022125245 114.5914     21.674157     -10.8104    15.848599990844725 0.12639908995780216  
  114.65144    21.671486     -8.1595     15.814693877929688 114.651313   21.671647     -11.4111    15.247899612426757 0.718652862592878    
  114.50994    21.667703     -7.1156     16.85859389089966  114.509873   21.667584     -10.5876    16.071400245666503 0.4835007420151422   
  114.547078   21.666809     -7.2247     16.749494025939942 114.547041   21.66673      -10.6535    16.005500396728515 0.3101726567793218   
  114.488231   21.665318     -8.9048     15.069393584960938 114.488144   21.665341     -12.4242    14.2347999420166   0.30262206342679915  
  114.667809   21.667687     -8.383      15.591193626159669 114.66789    21.667675     -11.6557    15.003300270080565 0.274417530371419    
  114.524979   21.665293     -8.6669     15.307294318908692 114.525108   21.665366     -12.6726    13.98640020751953  0.5053081737303042   
  114.544121   21.664156     -9.7778     14.196394393676758 114.54389    21.664243     -13.2514    13.407600006103515 0.8339092807190586   
  114.47496    21.662871     -8.843      15.131193588012696 114.474864   21.662873     -12.1034    14.555599769592284 0.32127164390252133  
  114.541698   21.663252     -8.1858     15.788394401306153 114.541468   21.663161     -11.4864    15.172600349426268 0.8363492309825977   
  114.531994   21.660509     -8.9345     15.039694259399415 114.53194    21.660581     -12.4467    14.212299903869628 0.3159546013514467   
  114.530684   21.660317     -8.9429     15.031294296020508 114.530445   21.660211     -12.43      14.228999694824218 0.8860318562163203   
  114.571546   21.660861     -8.1326     15.84159416937256  114.571527   21.660972     -11.7952    14.863799652099608 0.4046248791082646   
  114.73819    21.662643     -7.3145     16.659694144958497 114.738164   21.662789     -12.058     14.60100038909912  0.5327499415442655   
  114.422767   21.656226     -8.0884     15.88579411291504  114.422635   21.656307     -11.6842    14.974799713134765 0.5292373353217028   
  114.644546   21.656234     -8.4803     15.493894050354005 114.644598   21.65638      -11.7698    14.889199813842772 0.5536484535738153   
  114.629636   21.650465     -8.4748     15.49939389013672  114.629485   21.650598     -11.7039    14.95509966278076  0.6960796034425731   
  114.639947   21.650424     -8.0834     15.890794227355958 114.639809   21.650385     -11.3595    15.29950006866455  0.48262508173347474  
  114.754093   21.651681     -7.3963     16.577894160980225 114.754089   21.651635     -10.8025    15.856500228881835 0.16613997521362503  
  114.552441   21.648061     -9.061      14.913194129699708 114.552404   21.648141     -12.3666    14.292399963378905 0.31348314587174175  
  114.584864   21.648489     -8.2224     15.751794288391114 114.584859   21.648422     -11.4841    15.174899658203124 0.24177953837628643  
  114.578679   21.648408     -7.3769     16.59729380392456  114.578665   21.648511     -10.7634    15.895599922180175 0.37374736982513845  
  114.503597   21.64305      -7.5853     16.38889403128052  114.503707   21.643073     -11.901     14.757999977111815 0.3772798280547439   
  114.773494   21.644944     -9.037      14.937194297546387 114.773515   21.645055     -11.8764    14.782600006103515 0.40573134426360946  
  114.618722   21.640912     -7.5641     16.41009421133423  114.618562   21.640856     -10.9323    15.726700386047362 0.5720974771536709   
  114.612364   21.639959     -10.6805    13.293693969482423 114.612382   21.640075     -14.9649    11.694099983215331 0.42192150350447655  
  114.621924   21.639908     -7.3672     16.606994102233887 114.621952   21.640029     -10.8443    15.814699729919433 0.4455628107253956   
  114.758588   21.638485     -9.0725     14.901693771118165 114.758779   21.638427     -12.5243    14.134700378417968 0.672385935043741    
  114.440977   21.632786     -9.0561     14.918094108337403 114.441231   21.632705     -12.7455    13.91350038909912  0.8986224066382076   
  114.564477   21.633756     -10.4593    13.51489395880127  114.564453   21.633658     -14.6785    11.980499824523925 0.36182616360547615  
  114.557728   21.633841     -8.0287     15.945494125122071 114.557885   21.63374      -11.3852    15.273800453186034 0.6389337405764011   
  114.648065   21.634143     -8.8976     15.076593826049805 114.648123   21.634093     -12.1607    14.498300155639647 0.2647102570472611   
  114.784519   21.633743     -10.6422    13.331993530029298 114.784368   21.633835     -13.5969    13.062100013732909 0.6041771402216193   
  114.543161   21.630511     -8.1462     15.82799381994629  114.543119   21.630389     -12.4022    14.256800254821776 0.4611417075662623   
  114.575028   21.630234     -8.0132     15.960994193786622 114.575198   21.630319     -11.8851    14.77389963531494  0.645978213404255    
  114.613458   21.629689     -7.6809     16.29329390310669  114.613481   21.629621     -11.0489    15.610100349426268 0.2566152289416717   
  114.671928   21.630087     -7.927      16.047193954223633 114.672013   21.630038     -11.2154    15.443600257873534 0.33470907178656994  
  114.624899   21.629139     -8.4028     15.571394393676758 114.624934   21.629077     -11.6143    15.044700225830077 0.25206600079933983  
  114.527086   21.627857     -7.2691     16.705093810791016 114.52703    21.627715     -10.709     15.950000366210936 0.5444692794639097   
  114.525663   21.623133     -7.9429     16.03129381918335  114.525603   21.623159     -11.2582    15.400800308227538 0.22154329683981863  
  114.518361   21.622686     -8.9966     14.977593848937989 114.518483   21.622706     -12.3211    14.337899765014647 0.4145935250787037   
  114.568965   21.622486     -10.4607    13.513493964904786 114.568942   21.622555     -13.6462    13.012799819946288 0.26005284210228696  
  114.447372   21.620329     -7.379      16.595193813079835 114.447443   21.620243     -10.7433    15.915699562072753 0.3902745900696229   
  114.419268   21.619941     -7.5488     16.425394008392335 114.419322   21.619804     -11.192     15.466999610900878 0.5252687901051454   
  114.524228   21.619105     -8.6597     15.314493606323243 114.524355   21.619128     -11.8827    14.776300033569335 0.4330275137931432   
  114.784486   21.622409     -7.4351     16.539093921417237 114.784714   21.62232      -10.7677    15.891299804687499 0.8275808582277671   
  114.593374   21.619494     -7.6472     16.326993892425538 114.593187   21.619575     -10.9464    15.712600311279296 0.6904400907937736   
  114.596768   21.618143     -9.2396     14.73459381842041  114.596775   21.618054     -12.5746    14.084399780273436 0.32125535754771306  
  114.526169   21.614948     -10.3959    13.578294227355958 114.52611    21.614967     -14.7426    11.916399559020995 0.20897519826767272  
  114.594937   21.615331     -9.4551     14.519093940490723 114.594943   21.615237     -12.9449    13.714100440979003 0.33899529286768687  
  114.539295   21.614426     -7.932      16.042193839782716 114.539435   21.614461     -11.493     15.16599996948242  0.4852061431673135   
  114.522623   21.61403      -10.0298    13.944393584960938 114.522564   21.613869     -14.2995    12.359499534606933 0.6123142796913027   
  114.629984   21.615085     -8.6471     15.327093551391602 114.630025   21.615011     -11.9361    14.722899993896483 0.2996639616109249   
  114.582208   21.614468     -8.8687     15.10549397253418  114.582013   21.614362     -12.9102    13.748799880981444 0.7560125607223055   
  114.551669   21.614067     -8.9311     15.043094108337403 114.551631   21.614112     -12.1858    14.473200401306151 0.20595877216483008  
  114.609      21.614815     -8.0026     15.971594283813477 114.609207   21.614733     -11.2959    15.363099655151366 0.7530690858209086   
  114.667274   21.61521      -8.5163     15.457893798583985 114.667168   21.615144     -11.7374    14.921599945068358 0.4269804545839434   
  114.654169   21.614347     -8.7558     15.218393752807618 114.654046   21.614452     -11.9539    14.70509966278076  0.5588839673219596   
  114.637317   21.613436     -8.8477     15.126493880981446 114.637176   21.613534     -12.0421    14.616900047302245 0.5892091388509122   
  114.660185   21.613029     -8.3252     15.648993919128419 114.660069   21.613134     -11.541     15.117999633789061 0.5418615594513304   
  114.59199    21.61198      -10.5764    13.39779419683838  114.591806   21.611879     -14.7858    11.873200019836425 0.7151611293562607   
  114.556975   21.610302     -9.3327     14.6414942243042   114.556946   21.610174     -12.9314    13.727599700927733 0.4709114909328446   
  114.63586    21.610628     -7.3672     16.606994102233887 114.635717   21.610723     -11.0166    15.642400344848632 0.5882473917195933   
  114.551024   21.607435     -7.2659     16.708293864959717 114.551174   21.607475     -10.7122    15.946799835205077 0.5222965150963164   
  114.65875    21.608652     -8.5021     15.472094009155274 114.658823   21.608581     -11.6902    14.968800148010253 0.3535941957579325   
  114.617349   21.60795      -7.7391     16.235094020599366 114.617375   21.608037     -11.0467    15.612300476074218 0.32506478688288537  
  114.561151   21.606871     -7.8174     16.156794021362305 114.561123   21.606918     -11.0744    15.584600051879882 0.1934205698102836   
  114.596575   21.606288     -7.9789     15.995294044250489 114.596583   21.606187     -11.3457    15.313299736022948 0.364584607522593    
  114.435664   21.603441     -8.7979     15.176293800109864 114.435541   21.603313     -12.5192    14.139799674987792 0.6179237482352729   
  114.769888   21.607236     -8.913      15.061193893188477 114.769908   21.607315     -12.4035    14.255500396728515 0.29217186039374954  
  114.61533    21.605135     -8.4158     15.558393905395508 114.615358   21.605044     -11.6349    15.024099906921386 0.3407416264622812   
  114.692706   21.60594      -7.2534     16.720794151062012 114.692628   21.606041     -10.5517    16.1073003616333   0.4476189545318373   
  114.525229   21.603433     -8.4078     15.56639427923584  114.525358   21.603442     -11.7498    14.909200271606444 0.4329918610154608   
  114.634824   21.604687     -7.9634     16.01079411291504  114.634872   21.604605     -11.3119    15.347099861145018 0.3360874077909784   
  114.641584   21.603727     -8.6214     15.352794120544434 114.641636   21.603821     -12.0162    14.642799934387206 0.38053623970298567  
  114.632038   21.603083     -8.2316     15.742594192260743 114.631892   21.60317      -11.5997    15.05930002593994  0.5804328948086532   
  114.659415   21.601687     -8.525      15.449194381469727 114.659487   21.601783     -12.091     14.568000396728515 0.421328891356342    
  114.603592   21.6008       -8.1751     15.799093673461915 114.603608   21.600698     -11.3954    15.263599952697753 0.3710848444494833   
  114.761149   21.602247     -7.5454     16.428793857330323 114.761161   21.602152     -10.928     15.730999549865722 0.3443505280394354   
  114.662435   21.600156     -8.1027     15.871493766540528 114.662323   21.600249     -11.5914    15.067599853515624 0.5026231879495078   
  114.417047   21.596388     -8.8185     15.155694434875489 114.416913   21.596219     -12.3707    14.288300117492675 0.7558669022480736   
  114.582271   21.598258     -8.8795     15.09469361090088  114.582076   21.598311     -12.1498    14.509199699401854 0.6800265200748945   
  114.541431   21.597897     -7.3358     16.638393829101563 114.541577   21.597743     -10.6737    15.985299667358397 0.7390432871336624   
  114.534318   21.597454     -8.1925     15.781693885559083 114.534455   21.597467     -11.5341    15.124900421142577 0.460955723256884    
  114.713222   21.599394     -8.6122     15.361994216674805 114.713174   21.599313     -11.8327    14.826300224304198 0.3329326567722994   
  114.591466   21.597331     -10.531     13.443193862670899 114.591468   21.597393     -14.751     11.907999595642089 0.2233003728196011   
  114.573854   21.597277     -7.673      16.3011941411438   114.57384    21.597325     -10.9548    15.70420034790039  0.17904147671892878  
  114.628379   21.597109     -8.8804     15.093794296020508 114.628419   21.597191     -12.1183    14.540699562072753 0.324144555361895    
  114.505876   21.595158     -9.0175     14.956694076293946 114.505803   21.595131     -12.3198    14.339199623107909 0.2629761443188919   
  114.611908   21.596026     -11.2901    12.68409390234375  114.611931   21.596099     -14.0465    12.612499794006347 0.27384471628384566  
  114.547089   21.595531     -7.9368     16.037393996948243 114.547053   21.595378     -11.242     15.417000373840331 0.5638276056833389   
  114.597492   21.595317     -8.8563     15.117893645996094 114.5975     21.595381     -12.1183    14.540699562072753 0.23195095161380572  
  114.610248   21.594262     -7.9459     16.028294036621094 114.610085   21.594155     -11.2607    15.39829977416992  0.6678880240470348   
  114.756551   21.595913     -7.5663     16.40789408468628  114.756557   21.59599      -10.9347    15.724299987792968 0.27792660248979356  
  114.490005   21.591808     -12.011     11.963194320434571 114.490108   21.591759     -15.0028    11.65620001220703  0.3872863098565032   
  114.713476   21.59469      -7.2201     16.754094074005128 114.713426   21.594778     -11.028     15.631000122070311 0.3582925760347002   
  114.593587   21.593349     -8.2912     15.682994315856934 114.593407   21.593231     -11.4487    15.210300048828124 0.7372171458275878   
  114.578238   21.592453     -8.5367     15.437493751281739 114.578041   21.592497     -11.7597    14.899300178527831 0.6781893649327129   
  114.473899   21.591416     -7.2123     16.761894176239014 114.47399    21.591343     -11.0618    15.597199996948241 0.40230942048296375  
  114.679593   21.5927       -8.2306     15.743593642944337 114.679693   21.592616     -11.4494    15.209600051879882 0.4511034181887607   
  114.65469    21.59169      -8.4051     15.569094131225587 114.654759   21.591776     -11.6286    15.030399879455565 0.38626305634889346  
  114.626405   21.59133      -8.5397     15.434494445556641 114.626443   21.591406     -11.7535    14.905500015258788 0.3017234771098428   
  114.593063   21.590902     -7.5842     16.389994094604493 114.59307    21.590784     -10.9298    15.729199966430663 0.42544575634256665  
  114.581655   21.589534     -9.639      14.335194061035157 114.581649   21.589581     -12.9776    13.681399902343749 0.1703878868846214   
  114.580347   21.589343     -9.639      14.335194061035157 114.580527   21.589391     -12.9776    13.681399902343749 0.6268282020091062   
  114.601714   21.588747     -9.0032     14.970994422668458 114.60173    21.588633     -12.2856    14.37340029144287  0.4138801272274403   
  114.433879   21.587036     -7.554      16.42019409918213  114.433944   21.586892     -10.9289    15.73010023498535  0.5622124057853248   
  114.638239   21.589215     -8.2575     15.716694305175782 114.638481   21.589121     -11.5886    15.070399841308593 0.8779221098762687   
  114.58412    21.587648     -8.955      15.019194076293946 114.584117   21.587695     -12.2179    14.441099723815917 0.1694977599402149   
  114.769007   21.589262     -7.6517     16.322493980163575 114.769031   21.589326     -10.9575    15.701499542236327 0.24400503166341672  
  114.614493   21.586122     -7.8664     16.107794234985352 114.614517   21.586362     -11.1615    15.497500022888183 0.8677272426167801   
  114.58941    21.584753     -10.0074    13.966794440979005 114.589415   21.584627     -14.2352    12.423800071716308 0.4539087046552038   
  114.607024   21.584457     -8.194      15.780193755859376 114.607044   21.584517     -11.808     14.85100038909912  0.22613811538118814  
  114.644305   21.58441      -8.8619     15.112293670410157 114.644177   21.584484     -12.0688    14.59020002746582  0.5045494026466911   
  114.602719   21.584228     -7.8724     16.101794193023682 114.602737   21.58411      -11.2007    15.45830019378662  0.4290522558041837   
  114.502704   21.582741     -8.436      15.538194129699708 114.502821   21.582526     -12.2445    14.414499839782714 0.8674563253741128   
  114.577452   21.582681     -9.613      14.36119408392334  114.577443   21.582718     -13.0082    13.650800308227538 0.13656484894614862  
  114.410948   21.580447     -9.1539     14.820293853515626 114.410813   21.580249     -12.4885    14.170500358581542 0.8439946766211404   
  114.610424   21.582583     -9.1191     14.855094382995606 114.610448   21.582643     -12.3988    14.260200103759765 0.23045800279494094  
  114.60256    21.582308     -7.6756     16.298593948120118 114.602579   21.582188     -10.9443    15.714700302124022 0.4366572267912592   
  114.59939    21.581396     -9.5906     14.38359398626709  114.599403   21.581447     -12.862     13.796999534606933 0.18868723889413064  
  114.637039   21.581703     -9.1801     14.794093559020997 114.637091   21.581774     -12.5003    14.158699592590331 0.30924723645479274  
  114.624316   21.580669     -10.1537    13.820494125122071 114.624167   21.580731     -14.4324    12.22660025024414  0.5464597668869883   
  114.579566   21.579222     -9.7468     14.227393577331544 114.57956    21.579257     -12.9714    13.687599739074706 0.12759094590488398  
  114.563076   21.57953      -9.9724     14.001794288391114 114.563242   21.579554     -13.3605    13.29849966430664  0.5623893975595965   
  114.562327   21.57952      -9.9724     14.001794288391114 114.562305   21.579541     -13.3591    13.299899658203124 0.10554379353124985  
  114.482913   21.578641     -8.2469     15.727294395202637 114.483013   21.578569     -11.9175    14.74150045776367  0.4233850754243092   
  114.590608   21.579888     -8.3865     15.587693641418458 114.5908     21.579935     -11.6938    14.96520002746582  0.6646480843755198   
  114.72022    21.581345     -8.5325     15.441693732971192 114.720182   21.581421     -12.0152    14.643800338745116 0.3017271748735489   
  114.473364   21.578338     -8.0668     15.907393882507325 114.473457   21.578251     -11.5193    15.13969953918457  0.4416154916226672   
  114.534803   21.578636     -8.0732     15.900993774169923 114.534757   21.578628     -11.4274    15.231600364685058 0.1566636615264649   
  114.613099   21.579131     -7.6353     16.338893840545655 114.613126   21.579189     -11.0588    15.600200256347655 0.22752428650416404  
  114.605428   21.578509     -7.6825     16.29169411444092  114.605448   21.578562     -11.1484    15.510599693298339 0.2022064676863566   
  114.608999   21.577684     -10.1767    13.797494361633301 114.609023   21.577738     -12.5963    14.062699874877929 0.21034896698251004  
  114.483134   21.576552     -7.0335     16.94069380545044  114.483235   21.576479     -10.4716    16.187400421142577 0.42824062444149086  
  114.666683   21.578589     -7.4632     16.510993907684327 114.666769   21.578666     -10.8805    15.778500160217284 0.3996585979294543   
  114.662752   21.578365     -7.2525     16.72169394277954  114.662834   21.578441     -10.8267    15.83229978942871  0.3875735127873845   
  114.586527   21.57722      -7.859      16.11519379400635  114.586716   21.577261     -11.1695    15.48949964904785  0.6497072845530116   
  114.477348   21.575254     -7.474      16.500194022888184 114.477632   21.575174     -12.0712    14.587799629211425 0.9934285985974863   
  114.604892   21.576759     -7.8973     16.076894233459473 114.604724   21.576808     -11.5785    15.080500205993651 0.5894336925890405   
  114.555828   21.575774     -8.0066     15.967593620056153 114.555801   21.575786     -11.2523    15.406699737548827 0.10018224483549804  
  114.641421   21.576702     -9.4038     14.570393989318848 114.641482   21.576596     -13.004     13.655000289916991 0.43280600507320033  
  114.606396   21.57643      -7.5974     16.376793811553956 114.60623    21.576479     -11.5785    15.080500205993651 0.5830497383525232   
  114.588796   21.575855     -8.7142     15.259993980163575 114.588615   21.575717     -11.9134    14.745600303649901 0.7835674694037035   
  114.629817   21.576032     -7.6519     16.322294185394288 114.629863   21.576095     -10.99      15.669000228881835 0.2741407370124811   
  114.622336   21.575239     -11.3816    12.592593620056153 114.622189   21.575121     -14.0407    12.61830004119873  0.6501070393587407   
  114.435804   21.572773     -7.6423     16.331893871063233 114.435685   21.572615     -11.2226    15.436400016784667 0.6944415855937559   
  114.593692   21.574174     -8.8601     15.114094207519532 114.593701   21.574216     -12.0933    14.565700134277343 0.15417283984146996  
  114.60849    21.57419      -9.0185     14.955693671936036 114.608327   21.574238     -12.3226    14.33639963531494  0.5723962099004649   
  114.640526   21.573901     -9.0375     14.936693618530274 114.640584   21.573966     -12.2692    14.389799674987792 0.30407050842620137  
  114.708326   21.574572     -7.7387     16.2354940869751   114.708273   21.574819     -11.1116    15.547400077819823 0.9067297729874012   
  114.660378   21.574151     -7.6659     16.308293769592286 114.660458   21.574222     -11.0484    15.610600074768065 0.370217119221248    
  114.595019   21.573145     -7.6277     16.346494148010255 114.595032   21.573012     -12.0933    14.565700134277343 0.480773930511457    
  114.496901   21.570811     -8.032      15.942194411987305 114.496823   21.570923     -12.2764    14.382600387573241 0.48037598021775163  
  114.651786   21.572474     -8.8008     15.173393676513673 114.651857   21.572542     -12.0744    14.584600051879882 0.3412131649095221   
  114.688311   21.572581     -7.4396     16.534594009155274 114.688427   21.57248      -10.7917    15.86729963684082  0.5319956546348805   
  114.636814   21.571587     -8.8276     15.14659447454834  114.636681   21.571647     -11.9822    14.676800331115722 0.49489013351399463  
  114.516582   21.570028     -9.3626     14.611593673461915 114.51671    21.569993     -12.9556    13.703400215148925 0.44666960147129686  
  114.609112   21.570188     -9.2251     14.749094436401368 114.60895    21.570233     -12.5303    14.12869985961914  0.5660347411078595   
  114.565661   21.569801     -7.2599     16.714293906921387 114.565645   21.569816     -10.6153    16.043699821472167 0.07606147234081352  
  114.598627   21.569879     -7.904      16.07019419454956  114.598455   21.569917     -11.9333    14.725699981689452 0.5918638436908445   
  114.656696   21.569745     -10.562     13.412193725341798 114.656583   21.569984     -14.7375    11.921499809265136 0.9398978498125204   
  114.572039   21.569187     -8.3336     15.640593955749512 114.572029   21.569207     -11.587     15.072000106811522 0.0794030752172079   
  114.60444    21.569431     -9.2171     14.757093856567383 114.604462   21.569475     -12.5933    14.065700134277343 0.17468671063752783  
  114.58777    21.569391     -8.3257     15.648494193786622 114.587778   21.569249     -11.6295    15.029499610900878 0.5119011444937505   
  114.598648   21.568485     -8.0985     15.875693748229981 114.598664   21.568524     -11.932     14.726999839782714 0.15027161811296674  
  114.595277   21.568442     -9.494      14.480193565124512 114.595289   21.568479     -13.5923    13.066699584960936 0.13912684152026494  
  114.778812   21.570544     -8.2502     15.723993728393555 114.778856   21.570586     -11.9788    14.68020018005371  0.21109394714299748  
  114.741733   21.569923     -7.3316     16.642593810791016 114.741726   21.569983     -12.2425    14.416499694824218 0.2172675999021281   
  114.629943   21.56749      -8.7825     15.191693732971192 114.629992   21.567545     -11.9898    14.669199546813964 0.25713069177597564  
  114.608404   21.56739      -8.9725     15.001694152587891 114.60843    21.567434     -12.215     14.443999847412108 0.18074203023019175  
  114.584996   21.567089     -8.9199     15.054294059509278 114.584811   21.567114     -12.1604    14.498599609374999 0.6258765380954282   
  114.599983   21.566933     -9.024      14.950193832153321 114.6        21.566972     -12.2987    14.360299667358397 0.15149756453713017  
  114.569656   21.565844     -7.9385     16.03569407247925  114.569644   21.565859     -11.1927    15.466299613952636 0.06730598884395507  
  114.729608   21.566288     -7.103      16.87119383596802  114.729587   21.566348     -10.9444    15.7146001663208   0.22715443555203213  
  114.603577   21.564538     -9.052      14.922193954223633 114.603599   21.564577     -12.293     14.365999778747558 0.15854782656738342  
  114.605276   21.563688     -8.9708     15.003393600219727 114.605112   21.563725     -12.2662    14.392799934387206 0.565003053460282    
  114.655096   21.563797     -9.1765     14.79769367956543  114.655174   21.563858     -12.5146    14.144400199890136 0.3412061340265132   
  114.593301   21.562837     -8.5725     15.401693771118165 114.593313   21.562868     -12.5815    14.077499946594237 0.11861164747911083  
  114.59856    21.561859     -7.4847     16.489493797058106 114.598578   21.561892     -10.9688    15.690200408935546 0.1332116943243055   
  114.574781   21.561378     -7.9784     15.995793769592286 114.574963   21.561395     -11.5574    15.10160025024414  0.6124175509118518   
  114.594633   21.561459     -8.3215     15.652694175476075 114.594647   21.56149      -11.6542    15.004800399780272 0.12104402852013749  
  114.578176   21.559852     -8.377      15.597194144958497 114.577986   21.559866     -11.7153    14.943700393676757 0.6381367753322187   
  114.604241   21.557747     -8.7192     15.254993865722657 114.604078   21.557778     -12.7299    13.929099639892577 0.5570455424360153   
  114.520729   21.556486     -7.5573     16.416893909210206 114.520677   21.556441     -11.1095    15.54950006866455  0.23781729017622003  
  114.574294   21.55649      -9.1611     14.813093612426758 114.574289   21.5565       -12.4095    14.249499877929686 0.03970215598639019  
  114.633106   21.556196     -9.4488     14.525393913024903 114.632975   21.556241     -12.8716    13.787399848937987 0.46757590291847323  
  114.616251   21.556157     -7.4481     16.526093909973145 114.616101   21.556193     -10.8117    15.847300132751464 0.5186832793675205   
  114.76962    21.557527     -9.0166     14.957594344848633 114.769657   21.557564     -13.7019    12.957100471496581 0.18190415181254765  
  114.60259    21.555459     -7.4026     16.571594188446046 114.602426   21.555487     -10.8018    15.857200225830077 0.5582840569231269   
  114.598098   21.555227     -8.9419     15.032293746704102 114.598118   21.555254     -12.2258    14.433200439453124 0.11803430271776057  
  114.590616   21.554608     -8.967      15.007193992370606 114.590438   21.554801     -12.203     14.455999931335448 0.9153947955217221   
  114.517406   21.553479     -8.8613     15.112893531555176 114.517542   21.553255     -12.2531    14.405899604797362 0.9260876537188241   
  114.613466   21.554552     -9.5966     14.377594421142579 114.613501   21.554588     -13.7751    12.883900245666503 0.17472642284566478  
  114.59905    21.554193     -8.9395     15.034694144958497 114.599071   21.55422      -12.2345    14.42450006866455  0.11996584263327914  
  114.58689    21.55334      -8.8111     15.163093993896485 114.586901   21.553183     -12.0263    14.632699569702147 0.5663987682090355   
  114.623221   21.553455     -7.5251     16.449093768829346 114.623267   21.553496     -10.8764    15.782600006103515 0.21332617000467805  
  114.52492    21.552009     -8.9178     15.056394050354005 114.524873   21.551965     -12.9263    13.732699951171874 0.22328452270339116  
  114.601318   21.552828     -8.488      15.48619408392334  114.601529   21.552857     -11.7174    14.94160040283203  0.7141602304057852   
  114.496281   21.551106     -8.3134     15.660793731445313 114.496398   21.551027     -11.7085    14.950500091552733 0.4841019147561631   
  114.564064   21.551824     -8.3741     15.600094268554688 114.564052   21.551821     -11.6182    15.040799697875975 0.04160587050320453  
  114.611629   21.552087     -9.5983     14.375894019836426 114.611666   21.551946     -12.8554    13.80359991455078  0.5224995794149911   
  114.660893   21.551489     -9.0934     14.880793998474122 114.660794   21.551538     -12.3242    14.334800323486327 0.37549714248449795  
  114.645913   21.551301     -9.137      14.83719391607666  114.645797   21.551346     -12.4319    14.227099975585936 0.42083552550019027  
  114.623631   21.551019     -8.8388     15.135393569702149 114.623678   21.551058     -12.0383    14.620700439453124 0.2108978471459592   
  114.550995   21.549213     -8.7198     15.254394004577637 114.551159   21.549198     -11.9546    14.704399665832518 0.5517812098342646   
  114.607357   21.549766     -8.7128     15.26139397406006  114.607575   21.549797     -11.8934    14.765599807739257 0.7384234479173913   
  114.782811   21.551404     -10.1758    13.798393676513673 114.782868   21.551428     -14.4993    12.159699996948241 0.20950001202103058  
  114.596879   21.549109     -8.844      15.130194137329102 114.596899   21.54913      -12.8363    13.822700103759765 0.10099502490246882  
  114.680401   21.54929      -8.8118     15.162393996948243 114.680513   21.549343     -12.5499    14.109099945068358 0.42076408282110744  
  114.420152   21.545545     -7.7965     16.17769379400635  114.42003    21.545331     -11.3175    15.341499885559081 0.8720079691596256   
  114.525393   21.545739     -7.2571     16.717093894714356 114.525536   21.545693     -11.5062    15.152800163269042 0.5066555744794464   
  114.639985   21.546867     -8.1999     15.774294326538087 114.640051   21.546908     -11.4433    15.215699752807616 0.2657535292077266   
  114.573899   21.545501     -8.7672     15.206993530029298 114.573898   21.545501     -11.9959    14.66309984588623  0.0033484543644745784
  114.505561   21.544606     -8.0819     15.892294357055665 114.505687   21.544533     -11.6174    15.04159983062744  0.4970615336054759   
  114.584392   21.545113     -7.5986     16.375594089263917 114.584214   21.545119     -11.2604    15.398600181579589 0.5964177269408582   
  114.613993   21.544271     -7.4815     16.492693851226807 114.613845   21.544296     -10.8535    15.805499633789061 0.5036814320194222   
  114.571122   21.543373     -8.5615     15.41269440435791  114.57112    21.543368     -11.7883    14.870700439453124 0.01920546547647641  
  114.622241   21.543678     -9.7146     14.259594390625    114.62229    21.543709     -13.8208    12.838200172424315 0.198432847945174    
  114.610458   21.542657     -9.5476     14.426594207519532 114.610495   21.542681     -12.8706    13.788400253295897 0.15104631102379223  
  114.626014   21.541808     -9.123      14.851193855041505 114.626067   21.541839     -12.4123    14.246699890136718 0.20964512065288826  
  114.593436   21.541393     -7.6283     16.345893810028077 114.593646   21.541233     -11.1424    15.516600212097167 0.9089885657401497   
  114.557511   21.539535     -7.1132     16.860993812316895 114.5575     21.53934      -10.7104    15.948600372314452 0.702965705516359    
  114.603578   21.53943      -7.707      16.267194221252442 114.603609   21.539447     -11.0422    15.616799911499022 0.12050399701991957  
  114.629986   21.539068     -7.7791     16.19509405874634  114.630045   21.539099     -11.109     15.549999794006347 0.22690856020303649  
  114.676612   21.539128     -8.8654     15.108793685668946 114.676534   21.539344     -12.1109    14.548100074768065 0.820294063489855    
  114.780339   21.540036     -7.6559     16.31829399847412  114.780398   21.540053     -11.0747    15.584299644470214 0.20682808781822176  
  114.600239   21.537295     -10.8344    13.139793822998048 114.600267   21.537308     -14.9263    11.732699951171874 0.10479292117744628  
  114.596677   21.537599     -8.5516     15.422593543762208 114.596514   21.537607     -11.8199    14.839100440979003 0.5465870384054323   
  114.67925    21.53794      -8.3456     15.628593871826173 114.679178   21.537981     -11.5142    15.14479978942871  0.28269341832269235  
  114.775115   21.538579     -8.3461     15.628094146484376 114.77498    21.538595     -12.0178    14.641199668884276 0.45571768124347634  
  114.683002   21.537463     -7.5126     16.46159405493164  114.683122   21.537506     -10.8807    15.778299888610839 0.4306225607728078   
  114.534545   21.535225     -7.3951     16.579093883270264 114.5347     21.53518      -10.7947    15.864300331115722 0.5437407962224835   
  114.593897   21.535645     -8.5311     15.443093726867676 114.59373    21.535824     -11.8363    14.822700103759765 0.853222717132457    
  114.575932   21.534891     -10.4976    13.476594398254395 114.575938   21.534884     -14.696     11.96299990081787  0.03222943244463591  
  114.635848   21.535131     -7.5088     16.465393970245362 114.635728   21.535159     -10.9852    15.673800071716308 0.4142928841888521   
  114.749512   21.534784     -9.5156     14.458593795532227 114.749719   21.534815     -13.8089    12.850100120544433 0.7021073161552674   
  114.56866    21.532879     -9.1333     14.840894172424317 114.568659   21.532864     -12.78      13.879000267028808 0.054103734596915365 
  114.712813   21.534689     -7.0637     16.910493800872803 114.712972   21.534729     -11.9999    14.659100135803222 0.5515726927727306   
  114.491725   21.531522     -7.5828     16.391394088500977 114.491845   21.531418     -11.0537    15.60529955291748  0.5492371871375006   
  114.554831   21.531131     -8.6845     15.289694259399415 114.554815   21.531275     -12.6806    13.978399833679198 0.5211616208486681   
  114.61775    21.530717     -7.6769     16.297294090026856 114.6178     21.530735     -11.0126    15.64640005493164  0.17954139725130025  
  114.588016   21.528246     -10.5987    13.375494430297852 114.588036   21.528242     -14.653     12.006000122070311 0.0685075547491633   
  114.612734   21.528038     -9.2617     14.712494323486329 114.612779   21.528051     -12.6477    14.011299690246581 0.15779828257737163  
  114.613329   21.525779     -9.1531     14.82109398626709  114.613189   21.525787     -12.7503    13.908699592590331 0.469731004180821    
  114.48323    21.524087     -8.9953     14.97889370703125  114.483347   21.523964     -12.7534    13.90560015106201  0.5912700966957636   
  114.664624   21.526248     -7.6682     16.305993983978272 114.66454    21.526277     -11.0768    15.582199653625487 0.30005538994844094  
  114.783501   21.527339     -7.2708     16.703393886322022 114.783571   21.527344     -10.6112    16.047799667358397 0.2351111754847923   
  114.515639   21.522947     -7.4988     16.475394199127198 114.515594   21.522865     -10.9916    15.667399963378905 0.3314433657582837   
  114.632641   21.52393      -7.2791     16.69509405874634  114.632522   21.523947     -10.7101    15.948899826049804 0.4031969947124109   
  114.611539   21.520176     -8.1605     15.813694427246094 114.611587   21.520181     -11.4325    15.226500114440917 0.16175845453892354  
  114.605739   21.519928     -8.5522     15.421993682617188 114.605781   21.519929     -12.7486    13.910399993896483 0.14070591452900955  
  114.581966   21.519624     -7.8985     16.075694034332276 114.581984   21.519609     -11.1808    15.478199562072753 0.08093226119581073  
  114.53877    21.516276     -8.6973     15.27689404272461  114.538936   21.516219     -11.8967    14.762300094604491 0.5926157740374712   
  114.756292   21.51777      -7.7767     16.197493980163575 114.756332   21.517608     -11.0953    15.563700279235839 0.5983882917393728   
  114.707816   21.516837     -7.3845     16.58969397329712  114.707977   21.516864     -10.843     15.815999588012694 0.5478983445282796   
  114.709899   21.515118     -7.7582     16.21599383139038  114.709687   21.515313     -12.2962    14.362800201416015 0.998465293682817    
  114.542225   21.510742     -8.3576     15.616593787902833 114.542397   21.510683     -13.0899    13.569099983215331 0.6139811438157962   
  114.646877   21.51033      -8.4542     15.51999420904541  114.646969   21.510344     -12.891     13.768000205993651 0.3122270521415808   
  114.769482   21.511298     -7.246      16.728194186920167 114.769539   21.511473     -11.1995    15.459499916076659 0.6582897402264707   
  114.639029   21.50936      -10.002     13.972194144958497 114.638927   21.509193     -13.9395    12.719500144958495 0.6914845003961884   
  114.686397   21.508901     -11.1291    12.84509415411377  114.686349   21.508919     -14.4092    12.249800285339354 0.1733344884129063   
  114.63719    21.50707      -7.4098     16.56439394735718  114.637272   21.507077     -10.8187    15.840300163269042 0.27579959082185657  
  114.618102   21.506656     -8.3831     15.591094444030762 114.617973   21.506826     -11.676     14.983000358581542 0.7491494736461615   
  114.531843   21.504155     -7.0513     16.922893951171876 114.531822   21.504077     -10.5886    16.070399841308593 0.28947541313121483  
  114.441273   21.502256     -7.7367     16.237493942016602 114.441182   21.502041     -11.1925    15.466499885559081 0.831852882721309    
  114.610464   21.504118     -8.4908     15.483394096130372 114.610331   21.504107     -11.8358    14.823199829101561 0.4472279846568292   
  114.581109   21.501826     -7.5569     16.417293975585938 114.581135   21.501795     -11.0661    15.592899879455565 0.14155751994156357  
  114.515422   21.500802     -8.9178     15.056394050354005 114.515576   21.500703     -12.8275    13.831499656677245 0.6269705652901072   
  114.698143   21.498753     -9.1125     14.861693809265137 114.698302   21.498766     -12.4019    14.257099708557128 0.5346278750214423   
  114.532706   21.496668     -8.3957     15.578493545288087 114.532877   21.496587     -11.6294    15.0295997467041   0.6427328993657099   
  114.62143    21.496582     -7.3573     16.6168941953125   114.621501   21.496574     -10.7519    15.907100280761718 0.23955781540753382  
  114.535374   21.493564     -8.981      14.993194053405762 114.535549   21.493484     -12.2133    14.44570024871826  0.6531169368996759   
  114.689601   21.493764     -8.5504     15.423794219726563 114.689563   21.493945     -12.2072    14.451799949645995 0.6639159684217997   
  114.515934   21.491916     -7.3018     16.67239422583008  114.516093   21.49181      -10.7384    15.920599540710448 0.6551962882063731   
  114.692994   21.492061     -8.2287     15.745494315856934 114.692964   21.492067     -12.1474    14.511600097656249 0.10278577934776092  
  114.588772   21.489891     -10.0309    13.943293998474122 114.588813   21.489856     -13.4083    13.250699600219725 0.1863814732921335   
  114.674107   21.490783     -8.3197     15.654493758911133 114.674242   21.490788     -11.5289    15.130099853515624 0.4525696755869793   
  114.586035   21.485147     -8.8369     15.137294242614747 114.586076   21.485107     -12.055     14.603999694824218 0.1989956881187544   
  114.641817   21.484454     -8.5691     15.405093620056153 114.641731   21.484443     -11.761     14.89800032043457  0.2907969982398024   
  114.545662   21.481665     -8.7455     15.228694389099122 114.545853   21.481586     -11.9084    14.75060041809082  0.7001952186458421   
  114.507873   21.48065      -8.1752     15.798993537658692 114.508032   21.480525     -11.3742    15.284800132751464 0.6972858577570524   
  114.611175   21.480931     -10.5692    13.404994437927247 114.611245   21.480904     -14.7513    11.907700141906737 0.2538428686292167   
  114.771732   21.482187     -7.469      16.505194137329102 114.771813   21.482166     -11.6304    15.028600296020507 0.28167779650017893  
  114.606333   21.4793       -8.5576     15.416593978637696 114.606398   21.479269     -11.7603    14.898700317382811 0.24468154423689034  
  114.650897   21.477589     -8.5386     15.435594032043458 114.650824   21.477751     -12.5969    14.062100013732909 0.6323982580691446   
  114.575368   21.472454     -8.4501     15.524094054931641 114.575404   21.472569     -11.6642    14.994800170898436 0.43120939200310027  
  114.639964   21.469953     -9.7133     14.260894248718262 114.640073   21.469932     -13.0984    13.560599884033202 0.37291473718679785  
  114.727371   21.468575     -7.3075     16.66669411444092  114.727399   21.468735     -11.4503    15.208699783325194 0.5835885704596394   
  114.544402   21.465953     -9.2233     14.750894019836426 114.544415   21.465858     -12.4674    14.19160040283203  0.34476213301101966  
  114.586496   21.466491     -8.1069     15.867293784851075 114.58655    21.466436     -11.5491    15.109900077819823 0.2682054845532504   
  114.583344   21.464533     -9.497      14.477194259399415 114.583395   21.464474     -14.3065    12.35249956512451  0.2725968810188409   
  114.495429   21.462526     -9.9722     14.001993606323243 114.495589   21.462369     -13.4573    13.201699813842772 0.7789801279439788   
  114.616849   21.463734     -7.295      16.679193923706055 114.616937   21.463698     -10.6824    15.97660025024414  0.32205705102291693  
  114.489863   21.459489     -9.3362     14.637994239562989 114.489833   21.459318     -12.5097    14.149300178527831 0.6237517509721633   
  114.466124   21.457955     -7.8433     16.130894134277344 114.466074   21.45792      -11.9166    14.742399772644042 0.20961903312175226  
  114.69287    21.45996      -8.2612     15.712994048828126 114.692862   21.459942     -12.0032    14.655800422668456 0.0701246184079921   
  114.604994   21.455387     -8.8329     15.141293952697755 114.605075   21.455337     -12.0127    14.646299919128417 0.3256595293675901   
  114.638543   21.451269     -8.3342     15.639994094604493 114.638664   21.451235     -11.5137    15.145300468444823 0.4234993011032954   
  114.721796   21.451584     -7.1719     16.802294204467774 114.722019   21.451561     -10.8216    15.83740003967285  0.7517614078269914   
  114.670734   21.450444     -8.3442     15.629993865722657 114.670704   21.450591     -11.5061    15.152900299072265 0.5386620076282629   
  114.631636   21.450137     -8.3755     15.598694274658204 114.631374   21.450269     -11.8662    14.79279955291748  0.9982337935952795   
  114.63221    21.449272     -8.3843     15.589893768066407 114.632136   21.449406     -11.8662    14.79279955291748  0.5423916492588773   
  114.642882   21.448706     -8.5267     15.447493980163575 114.64301    21.448672     -11.7299    14.929099639892577 0.446011475393905    
  114.457211   21.441794     -7.9112     16.062993953460694 114.457169   21.441557     -11.2107    15.448299964904784 0.864729271781106    
  114.752183   21.445488     -7.5547     16.419494102233887 114.752453   21.445453     -11.1322    15.526799758911132 0.9134365022469382   
  114.551319   21.441276     -8.7783     15.195893714660645 114.551353   21.441344     -12.856     13.80300005340576  0.2700126987342512   
  114.599605   21.439794     -8.3979     15.576294372314454 114.599693   21.439729     -11.7749    14.884099563598632 0.37644275665196     
  114.613641   21.439447     -8.8081     15.166094253295899 114.613556   21.439388     -12.4344    14.224600395202636 0.355302299236062    
  114.632172   21.43863      -8.9925     14.98169369482422  114.632294   21.438758     -13.4203    13.238700469970702 0.6160060041561978   
  114.78332    21.439046     -9.4976     14.476594398254395 114.78345    21.439164     -13.1129    13.546100219726561 0.6084551116930554   
  114.671536   21.432832     -7.3411     16.633093784088135 114.671522   21.432967     -10.7345    15.92450006866455  0.48825913611294697  
  114.645      21.430937     -7.6772     16.296994159454346 114.645145   21.430891     -11.397     15.261999687194823 0.5133519604076614   
  114.723182   21.431534     -7.6928     16.281393954986573 114.723235   21.431669     -11.32      15.33900030517578  0.5174362329564405   
  114.504242   21.424623     -7.7608     16.213394115203858 114.504438   21.424449     -11.6643    14.994700035095214 0.9076448948495555   
  114.751494   21.426284     -7.7559     16.218294093841553 114.751591   21.426409     -12.738     13.921000083923339 0.5551287669550491   
  114.6333     21.424861     -8.1327     15.841494033569337 114.633248   21.424978     -12.118     14.54099996948242  0.45582601442992804  
  114.53612    21.419278     -8.4116     15.562593887084962 114.536161   21.419138     -11.7891    14.869900306701659 0.5223948193222743   
  114.536319   21.418409     -8.4116     15.562593887084962 114.536359   21.418443     -11.789     14.870000442504882 0.18152834144272548  
  114.563432   21.418928     -7.6561     16.318094203704835 114.5635     21.418818     -10.9482    15.71079977416992  0.4568930210830991   
  114.706889   21.418775     -7.3455     16.628694007629395 114.706932   21.418904     -11.6347    15.024300178527831 0.486245538393191    
  114.618289   21.414905     -9.0628     14.911393592590333 114.618416   21.41501      -12.2868    14.372199615478515 0.5692532693554976   
