# ApertureRA_1 ApertureDec_1 Magnitude_1 Vmag               ApertureRA_2 ApertureDec_2 Magnitude_2 imag               Separation         
  114.491885   21.764378     -8.3757     15.242542003051756 114.491945   21.764278     -11.7249    14.934099754333495 0.41211830822660245
  114.614205   21.766097     -7.8663     15.751941893951415 114.614192   21.766044     -13.0169    13.642099937438964 0.19568778444805487
  114.723571   21.767146     -8.474      15.144242022888182 114.72352    21.76712      -11.6334    15.025600036621093 0.1945104293512231 
  114.560381   21.764315     -7.5132     16.10504219378662  114.560307   21.764416     -10.9267    15.7323003616333   0.4397916788295651 
  114.739533   21.766118     -7.4715     16.14674208010864  114.739694   21.766097     -10.6663    15.99270018005371  0.5435606240154267 
  114.5531     21.761946     -8.4901     15.128142093078612 114.55302    21.762044     -11.8487    14.81030043029785  0.4427308554097935 
  114.528166   21.760546     -8.1431     15.475142215148924 114.528254   21.760462     -11.3921    15.266899665832518 0.42191742159657264
  114.461003   21.759385     -8.715      14.903241847412108 114.461043   21.759269     -12.1082    14.550799926757811 0.43849300738146746
  114.706943   21.762582     -7.9009     15.717342112915038 114.707049   21.762728     -11.1304    15.528600296020507 0.6339215101518437 
  114.713331   21.761962     -11.2888    12.32944176043701  114.713449   21.761936     -15.0473    11.611699661254882 0.4054766324255278 
  114.549183   21.748815     -8.8936     14.724641536132811 114.549288   21.748911     -12.244     14.41499956512451  0.4926515072332538 
  114.722898   21.749695     -7.8912     15.727041934387206 114.723021   21.749669     -11.0364    15.622600158691405 0.4217942305142893 
  114.469163   21.742426     -9.2655     14.352741931335448 114.469216   21.742308     -12.4638    14.195199569702147 0.46028707822511733
  114.550812   21.740818     -7.3162     16.3020422204895   114.550922   21.740738     -10.6318    16.027200302124022 0.4671664852973584 
  114.767467   21.742201     -10.0203    13.597942088500975 114.767652   21.742182     -13.3714    13.287600120544433 0.6223907470488846 
  114.646872   21.740718     -7.3153     16.30294201220703  114.647078   21.740673     -10.72      15.93899973297119  0.7076425808334489 
  114.640873   21.740466     -7.6193     15.998942111389159 114.641071   21.740419     -11.0537    15.60529955291748  0.6833771930865983 
  114.490132   21.733846     -8.358      15.260242198364256 114.4902     21.733736     -11.6282    15.030800422668456 0.45664642332327254
  114.709025   21.736793     -7.6391     15.979141925231932 114.70912    21.736762     -10.9455    15.713499626159667 0.3367142406369668 
  114.609661   21.732905     -8.8609     14.757342074768065 114.609822   21.73302      -12.0682    14.590799888610839 0.6791704951076021 
  114.448023   21.727119     -8.0585     15.559741710083006 114.448071   21.727158     -11.3669    15.292099555969237 0.2132605428795036 
  114.498687   21.726999     -8.6015     15.016742442504881 114.498574   21.726887     -11.9926    14.666399559020995 0.5526110025726569 
  114.440225   21.72212      -8.9246     14.693642352478026 114.440272   21.722154     -12.3225    14.336499771118163 0.19922073013966002
  114.549414   21.722667     -9.1462     14.472041819946288 114.549333   21.722752     -12.3379    14.321099838256835 0.40867913991273225
  114.549803   21.721801     -9.1463     14.471941684143065 114.549725   21.721711     -12.3393    14.31969984436035  0.4159620808847979 
  114.724599   21.724075     -10.0482    13.57004234637451  114.724706   21.724045     -13.4028    13.256200393676757 0.37378458480260873
  114.452279   21.71934      -8.9098     14.708442424194335 114.452335   21.719204     -12.0773    14.58169992828369  0.5241993620009492 
  114.40425    21.718953     -7.3163     16.301942084686278 114.404292   21.718789     -10.8289    15.83009966278076  0.6068797049281722 
  114.621861   21.720512     -8.4015     15.216742251770018 114.622034   21.720453     -11.8353    14.823699554443358 0.61633611333303   
  114.597678   21.719493     -7.5186     16.09964201296997  114.597827   21.719425     -11.1077    15.551299652099608 0.555201935356912  
  114.741214   21.716774     -9.2948     14.323442195312499 114.741337   21.716919     -12.3406    14.318399986267089 0.6646132056595353 
  114.640178   21.712731     -10.0363    13.581942294494628 114.640179   21.712672     -12.9572    13.701799949645995 0.21242633130375857
  114.641295   21.713268     -10.0363    13.581942294494628 114.641485   21.713213     -12.9587    13.700299819946288 0.6656003723732208 
  114.596872   21.711113     -7.7235     15.894742225067137 114.596641   21.71121      -11.7076    14.95140036010742  0.8478571836693611 
  114.682049   21.70995      -8.9253     14.692942355529784 114.682094   21.709903     -12.5347    14.124299606323241 0.22645447275067354
  114.604985   21.708083     -8.944      14.674241755859374 114.604952   21.70801      -12.2925    14.36650045776367  0.28503759744051815
  114.725203   21.708909     -11.9875    11.630741809265135 114.725298   21.709047     -15.1639    11.495099624633788 0.5897212774233226 
  114.67477    21.707592     -7.7593     15.858941768066405 114.674806   21.707542     -11.3408    15.318199714660643 0.2165603562124784 
  114.734035   21.707793     -7.7125     15.905741904632567 114.734143   21.707759     -10.9708    15.688199600219725 0.38140119533784617
  114.45348    21.703323     -8.4557     15.162542079345702 114.453543   21.703354     -13.473     13.186000427246093 0.2384501660337648 
  114.565082   21.704753     -9.2209     14.397342418090819 114.565017   21.704663     -13.0369    13.622100433349608 0.3901833795269959 
  114.63148    21.70512      -10.2032    13.415041659729003 114.63147    21.705055     -13.5547    13.104300102233886 0.23637838587345   
  114.678767   21.703805     -7.9746     15.643642161743163 114.678803   21.70393      -11.1767    15.4823003616333   0.4658316575623485 
  114.580717   21.700609     -7.5583     16.05994198168945  114.580661   21.700697     -10.9794    15.67960031890869  0.36803278261765576
  114.478919   21.696555     -7.5948     16.023442004577635 114.478996   21.696422     -11.2406    15.418400367736815 0.5436796264597794 
  114.614349   21.697049     -9.6107     14.00754234637451  114.614319   21.697149     -13.4191    13.239900192260741 0.3737242154954871 
  114.538586   21.695843     -10.1353    13.482942317382811 114.538502   21.69591      -13.3653    13.293699821472167 0.37030518229829607
  114.638374   21.695968     -7.5531     16.065141890899657 114.638366   21.696076     -10.8785    15.780500015258788 0.38971980269886825
  114.626215   21.693892     -7.7185     15.899741862670897 114.626195   21.693994     -11.4081    15.25089987182617  0.3732445552942279 
  114.597721   21.692818     -7.2362     16.382042144195555 114.597868   21.692737     -10.6735    15.985499938964843 0.5716823506026812 
  114.573921   21.69145      -7.8316     15.786641810791014 114.57386    21.691531     -11.0562    15.602799972534179 0.3559027772976216 
  114.434984   21.687186     -9.5316     14.086642001525878 114.434867   21.687019     -12.7897    13.86930044555664  0.7173731214998231 
  114.706354   21.690368     -10.7769    12.841341708557128 114.706414   21.690495     -14.399     12.25999983215332  0.4993142562704878 
  114.523159   21.68691      -9.1937     14.424542163269042 114.523259   21.686793     -13.6187    13.040299972534179 0.5378772243728934 
  114.500298   21.685363     -8.5696     15.048641894714354 114.500385   21.685408     -12.0353    14.623699745178222 0.3330836262298678 
  114.756825   21.688701     -7.6247     15.993541930572508 114.756946   21.688838     -10.9238    15.735199531555175 0.6380268660785516 
  114.478548   21.684698     -8.9066     14.711642001525878 114.47844    21.684728     -12.2584    14.400600036621093 0.3770821049132751 
  114.472189   21.683559     -10.512     13.106241916076659 114.472082   21.683411     -13.7656    12.893399795532225 0.6418714537490877 
  114.702656   21.686835     -8.4143     15.203942035095213 114.7029     21.686787     -11.6489    15.010099967956542 0.8343157383101132 
  114.464502   21.683271     -7.4472     16.17104217852783  114.464578   21.683296     -10.9962    15.662800392150878 0.26969995734448243
  114.438077   21.681656     -10.5455    13.072742198364256 114.438148   21.681664     -14.2955    12.363500198364257 0.23925622099083713
  114.771323   21.684682     -8.801      14.817242358581542 114.77146    21.68482      -11.9239    14.735100349426268 0.6759039185688284 
  114.737229   21.682367     -8.7491     14.869142268554686 114.737133   21.682495     -11.9007    14.758300384521483 0.561669193501453  
  114.620045   21.68056      -9.5606     14.05764171923828  114.620017   21.680653     -13.3405    13.318500122070311 0.34765637343395617
  114.694124   21.680627     -7.6485     15.969742034332274 114.694165   21.680745     -11.4003    15.258699974060058 0.44639383366657776
  114.610321   21.678689     -8.2902     15.328041766540526 114.610285   21.678777     -11.8025    14.856500228881835 0.33891950976712504
  114.440982   21.676123     -7.7077     15.910542224304198 114.44106    21.675955     -11.1911    15.467899879455565 0.6586916718642793 
  114.506849   21.67465      -7.8928     15.725442145721434 114.506754   21.674689     -11.193     15.466000160217284 0.34744958268220216
  114.509289   21.674511     -8.1214     15.496842120544432 114.509199   21.674377     -11.7991    14.859900077819823 0.5686531172269239 
  114.418902   21.672651     -9.0096     14.608642314331053 114.418977   21.672642     -11.9767    14.682300170898436 0.2529966549870256 
  114.59126    21.674251     -7.637      15.981241916076659 114.5914     21.674157     -10.8104    15.848599990844725 0.5778251437229288 
  114.509961   21.667723     -7.2316     16.38664219226074  114.509873   21.667584     -10.5876    16.071400245666503 0.5805863568297094 
  114.66769    21.667744     -8.5388     15.07944176043701  114.66789    21.667675     -11.6557    15.003300270080565 0.7137445851700902 
  114.488054   21.665316     -9.0982     14.520042155639647 114.488144   21.665341     -12.4242    14.2347999420166   0.3142738776212066 
  114.525192   21.665324     -9.1062     14.512041781799315 114.525108   21.665366     -12.6726    13.98640020751953  0.3191291043886986 
  114.543967   21.664193     -9.9669     13.651342128173827 114.54389    21.664243     -13.2514    13.407600006103515 0.31427346461621714
  114.474773   21.663031     -8.9556     14.662642215148924 114.474864   21.662873     -12.1034    14.555599769592284 0.6451593634567199 
  114.541545   21.663113     -8.2949     15.323342059509276 114.541468   21.663161     -11.4864    15.172600349426268 0.31020742310000127
  114.530526   21.66017      -9.1073     14.510942195312499 114.530445   21.660211     -12.43      14.228999694824218 0.3085970329136971 
  114.531833   21.660537     -9.1074     14.510842059509276 114.53194    21.660581     -12.4467    14.212299903869628 0.3914772463650129 
  114.571589   21.660911     -8.393      15.225242350952147 114.571527   21.660972     -11.7952    14.863799652099608 0.30208431450974327
  114.738086   21.662669     -7.9527     15.665541861907958 114.738164   21.662789     -12.058     14.60100038909912  0.5047061022127075 
  114.422548   21.656327     -8.2964     15.321841929809569 114.422635   21.656307     -11.6842    14.974799713134765 0.2998647356655815 
  114.639882   21.659022     -7.1776     16.440642093078612 114.639865   21.65911      -10.7275    15.931500038146972 0.32186560562493116
  114.644612   21.656293     -8.5548     15.063441966430663 114.644598   21.65638      -11.7698    14.889199813842772 0.31668352803138405
  114.748308   21.656161     -7.2647     16.353542064086913 114.748395   21.656105     -10.5125    16.146500190734862 0.3540870455413956 
  114.641872   21.651551     -7.4837     16.134542201416014 114.641857   21.651459     -10.6903    15.96870001220703  0.33498131315353163
  114.629512   21.65052      -8.5562     15.062041972534178 114.629485   21.650598     -11.7039    14.95509966278076  0.2949753160366963 
  114.754001   21.651518     -7.4763     16.14194223727417  114.754089   21.651635     -10.8025    15.856500228881835 0.513915477627125  
  114.552286   21.648097     -9.1581     14.46014187182617  114.552404   21.648141     -12.3666    14.292399963378905 0.4254259910997479 
  114.578536   21.648454     -7.3998     16.218442176239012 114.578665   21.648511     -10.7634    15.895599922180175 0.477936242573143  
  114.584913   21.648365     -8.2788     15.339441989318846 114.584859   21.648422     -11.4841    15.174899658203124 0.27341398615181084
  114.503602   21.643232     -8.0347     15.58354160632324  114.503707   21.643073     -11.901     14.757999977111815 0.6716316036965994 
  114.773409   21.644938     -8.9624     14.655841563598631 114.773515   21.645055     -11.8764    14.782600006103515 0.5506505706257719 
  114.618783   21.640967     -7.6948     15.923442099945067 114.618562   21.640856     -10.9323    15.726700386047362 0.840577929582083  
  114.612422   21.640012     -11.2221    12.396141742126463 114.612382   21.640075     -14.9649    11.694099983215331 0.2633519674515067 
  114.621989   21.639788     -7.5717     16.046541903869628 114.621952   21.640029     -10.8443    15.814699729919433 0.8763898574222995 
  114.429094   21.634645     -7.7741     15.844142173187254 114.429195   21.63461      -11.9182    14.740800460815429 0.36070816966148306
  114.758506   21.63849      -9.2387     14.379542086975096 114.758779   21.638427     -12.5243    14.134700378417968 0.9412735569051714 
  114.564516   21.633622     -10.9664    12.651841853515624 114.564453   21.633658     -14.6785    11.980499824523925 0.2474732809378601 
  114.441128   21.632735     -9.3258     14.292442057983397 114.441231   21.632705     -12.7455    13.91350038909912  0.36120693299805146
  114.557761   21.633878     -8.0887     15.52954170550537  114.557885   21.63374      -11.3852    15.273800453186034 0.6473005823581517 
  114.642697   21.634475     -7.2211     16.397142146484374 114.642678   21.634371     -10.6874    15.971600135803222 0.37976041963721746
  114.648141   21.634021     -8.9838     14.634442065612792 114.648123   21.634093     -12.1607    14.498300155639647 0.26610699829112455
  114.784447   21.633725     -10.6161    13.002141688720702 114.784368   21.633835     -13.5969    13.062100013732909 0.47613625337755816
  114.543189   21.630367     -8.6924     14.925842021362303 114.543119   21.630389     -12.4022    14.256800254821776 0.24728079269339379
  114.57507    21.630278     -8.4625     15.155742381469725 114.575198   21.630319     -11.8851    14.77389963531494  0.45306792712896643
  114.613334   21.629564     -7.8097     15.808541987792967 114.613481   21.629621     -11.0489    15.610100349426268 0.5330188407560591 
  114.672016   21.629961     -8.0005     15.617742274658202 114.672013   21.630038     -11.2154    15.443600257873534 0.27738174348367234
  114.624965   21.629192     -8.4597     15.158542369262694 114.624934   21.629077     -11.6143    15.044700225830077 0.4268002274552638 
  114.525489   21.623149     -8.0207     15.597541545288085 114.525603   21.623159     -11.2582    15.400800308227538 0.38321389483280804
  114.51837    21.622701     -9.1103     14.507941935913085 114.518483   21.622706     -12.3211    14.337899765014647 0.3786018372243531 
  114.568816   21.622524     -10.5123    13.105942462341307 114.568942   21.622555     -13.6462    13.012799819946288 0.436198733873566  
  114.524427   21.619126     -8.7173     14.900941584960936 114.524355   21.619128     -11.8827    14.776300033569335 0.24107374137457824
  114.784615   21.622216     -7.5358     16.082442019836424 114.784714   21.62232      -10.7677    15.891299804687499 0.4999491769954034 
  114.593238   21.619538     -7.7646     15.853642199890135 114.593187   21.619575     -10.9464    15.712600311279296 0.21650687767805046
  114.596825   21.618017     -9.3416     14.276641581909178 114.596775   21.618054     -12.5746    14.084399780273436 0.21387975087625874
  114.526181   21.614967     -10.9587    12.659541819946288 114.52611    21.614967     -14.7426    11.916399559020995 0.23762628248682602
  114.594993   21.615204     -9.6241     13.994142268554686 114.594943   21.615237     -12.9449    13.714100440979003 0.2052238733705164 
  114.522633   21.614046     -10.5532    13.065042231933592 114.522564   21.613869     -14.2995    12.359499534606933 0.6777569203827921 
  114.539315   21.614452     -8.1421     15.476141665832518 114.539435   21.614461     -11.493     15.16599996948242  0.40292808058373086
  114.582066   21.614509     -9.2798     14.338441584960936 114.582013   21.614362     -12.9102    13.748799880981444 0.5581376173038621 
  114.551697   21.6141       -9.0179     14.600341533081053 114.551631   21.614112     -12.1858    14.473200401306151 0.22507801574350209
  114.630059   21.614962     -8.7379     14.880342219726561 114.630025   21.615011     -11.9361    14.722899993896483 0.2099184918619674 
  114.609251   21.614693     -8.0522     15.566041682617186 114.609207   21.614733     -11.2959    15.363099655151366 0.2059659773223315 
  114.667176   21.615255     -8.5778     15.040442202941893 114.667168   21.615144     -11.7374    14.921599945068358 0.4004960014767005 
  114.654253   21.614397     -8.8223     14.795942042724608 114.654046   21.614452     -11.9539    14.70509966278076  0.7205389150696797 
  114.637206   21.613484     -8.9099     14.708342288391112 114.637176   21.613534     -12.0421    14.616900047302245 0.20611031514065808
  114.591858   21.61185      -11.0816    12.536641810791014 114.591806   21.611879     -14.7858    11.873200019836425 0.20295132749443973
  114.660085   21.613075     -8.3668     15.25144169177246  114.660069   21.613134     -11.541     15.117999633789061 0.21904655190949784
  114.556818   21.610335     -9.5683     14.049941752807616 114.556946   21.610174     -12.9314    13.727599700927733 0.7207439453188873 
  114.635936   21.610679     -7.6321     15.986141894714354 114.635717   21.610723     -11.0166    15.642400344848632 0.7499016815687157 
  114.658842   21.608526     -8.5337     15.084542010681151 114.658823   21.608581     -11.6902    14.968800148010253 0.2079616876792243 
  114.570172   21.607727     -7.4396     16.178642009155272 114.570113   21.607741     -11.4405    15.218499740600585 0.20380414276023992
  114.617604   21.608003     -7.8138     15.804442141906737 114.617375   21.608037     -11.0467    15.612300476074218 0.7761770001987771 
  114.561      21.606731     -7.8366     15.781642173187254 114.561123   21.606918     -11.0744    15.584600051879882 0.7891028329596559 
  114.596633   21.606161     -8.0344     15.583842013732909 114.596583   21.606187     -11.3457    15.313299736022948 0.19174947591772723
  114.435415   21.603551     -9.0662     14.552041743652342 114.435541   21.603313     -12.5192    14.139799674987792 0.9549701613955244 
  114.769839   21.607227     -9.0947     14.523542140380858 114.769908   21.607315     -12.4035    14.255500396728515 0.3920430771391587 
  114.6154     21.605011     -8.4923     15.125941966430663 114.615358   21.605044     -11.6349    15.024099906921386 0.1840527721093334 
  114.692438   21.605975     -7.27       16.348242019073485 114.692628   21.606041     -10.5517    16.1073003616333   0.6788772688226625 
  114.525238   21.603452     -8.525      15.093242381469725 114.525358   21.603442     -11.7498    14.909200271606444 0.40326397591657454
  114.641085   21.604991     -8.7572     14.861041758911131 114.641243   21.605037     -12.0162    14.642799934387206 0.5541602301111624 
  114.641479   21.603776     -8.7553     14.862942431823729 114.641636   21.603821     -12.0162    14.642799934387206 0.5498999130446531 
  114.634905   21.604564     -8.072      15.546242450134276 114.634872   21.604605     -11.3119    15.347099861145018 0.18435247322055773
  114.631927   21.603131     -8.3077     15.310541842834471 114.631892   21.60317      -11.5997    15.05930002593994  0.1828554493204192 
  114.767818   21.604414     -7.4873     16.13094208087158  114.768073   21.604326     -11.465     15.193999847412108 0.910406456303386  
  114.659507   21.601735     -8.713      14.905241702453612 114.659487   21.601783     -12.091     14.568000396728515 0.1853138357829425 
  114.603468   21.600672     -8.188      15.430242274658202 114.603608   21.600698     -11.3954    15.263599952697753 0.4778616205685459 
  114.761104   21.602071     -7.6737     15.944542144195555 114.761161   21.602152     -10.928     15.730999549865722 0.3484686116123278 
  114.662343   21.600201     -8.3101     15.308142398254393 114.662323   21.600249     -11.5914    15.067599853515624 0.1853140921835994 
  114.41678    21.596302     -8.9652     14.653041575805663 114.416913   21.596219     -12.3707    14.288300117492675 0.536166230277349  
  114.582128   21.598474     -8.9734     14.644841884033202 114.582076   21.598311     -12.1498    14.509199699401854 0.6120700637945441 
  114.53452    21.597481     -8.2903     15.327941630737303 114.534455   21.597467     -11.5341    15.124900421142577 0.2233327461958202 
  114.59152    21.597378     -11.0362    12.58204243029785  114.591468   21.597393     -14.751     11.907999595642089 0.18224144581263474
  114.713156   21.599423     -8.6548     14.963441584960936 114.713174   21.599313     -11.8327    14.826300224304198 0.40055715687458504
  114.573897   21.597318     -7.6703     15.947941993133544 114.57384    21.597325     -10.9548    15.70420034790039  0.19245067679849268
  114.628457   21.59716      -8.9716     14.646642421142577 114.628419   21.597191     -12.1183    14.540699562072753 0.16921394273920368
  114.505869   21.595164     -9.0753     14.542941783325194 114.505803   21.595131     -12.3198    14.339199623107909 0.25083879810618237
  114.611975   21.596076     -11.1696    12.448642466918944 114.611931   21.596099     -14.0465    12.612499794006347 0.16895978311425267
  114.547116   21.595388     -8.055      15.563241694824217 114.547053   21.595378     -11.242     15.417000373840331 0.21393080375052123
  114.59755    21.595366     -8.95       14.668242190734862 114.5975     21.595381     -12.1183    14.540699562072753 0.17586097501466114
  114.610128   21.594309     -8.0518     15.566442225830077 114.610085   21.594155     -11.2607    15.39829977416992  0.5727797861134871 
  114.756509   21.595915     -7.7359     15.882342074768065 114.756557   21.59599      -10.9347    15.724299987792968 0.31418912641100194
  114.490172   21.591804     -11.9818    11.636441920654296 114.490108   21.591759     -15.0028    11.65620001220703  0.26858822616376665
  114.593646   21.593223     -8.3423     15.275941584960936 114.593407   21.593231     -11.4487    15.210300048828124 0.800535345475743  
  114.713414   21.594718     -7.4772     16.14104196871948  114.713426   21.594778     -11.028     15.631000122070311 0.21970310034340687
  114.578284   21.592497     -8.5848     15.033442233459471 114.578041   21.592497     -11.7597    14.899300178527831 0.8134106340521435 
  114.474056   21.591224     -7.4475     16.170741771118163 114.47399    21.591343     -11.0618    15.597199996948241 0.48201226974271877
  114.679515   21.592742     -8.2767     15.341541980163573 114.679693   21.592616     -11.4494    15.209600051879882 0.7488440637824082 
  114.654785   21.591739     -8.4606     15.157642100708006 114.654759   21.591776     -11.6286    15.030399879455565 0.15911258630637187
  114.626483   21.591382     -8.583      15.03524181689453  114.626443   21.591406     -11.7535    14.905500015258788 0.15935193280912374
  114.593122   21.590775     -7.6272     15.99104187335205  114.59307    21.590784     -10.9298    15.729199966430663 0.17705499101057737
  114.581517   21.589576     -9.7634     13.854841922180174 114.581649   21.589581     -12.9776    13.681399902343749 0.44222807588249385
  114.580395   21.589387     -9.7634     13.854841922180174 114.580527   21.589391     -12.9776    13.681399902343749 0.44209675660191466
  114.433809   21.586974     -7.6541     15.964142058746337 114.433944   21.586892     -10.9289    15.73010023498535  0.5397848115346409 
  114.601779   21.588623     -9.1209     14.497341845886229 114.60173    21.588633     -12.2856    14.37340029144287  0.16792960045514227
  114.638326   21.589266     -8.3992     15.219041560546874 114.638481   21.589121     -11.5886    15.070399841308593 0.7359982924163773 
  114.58417    21.587694     -9.0137     14.604542468444823 114.584117   21.587695     -12.2179    14.441099723815917 0.17745295502756198
  114.768977   21.589255     -7.7836     15.834642146484374 114.769031   21.589326     -10.9575    15.701499542236327 0.31305947109084215
  114.614562   21.586348     -7.9854     15.632841800109862 114.614517   21.586362     -11.1615    15.497500022888183 0.15884572286162912
  114.589465   21.584801     -10.5132    13.10504219378662  114.589415   21.584627     -14.2352    12.423800071716308 0.6483765629061001 
  114.607091   21.584508     -8.4085     15.209742282287596 114.607044   21.584517     -11.808     14.85100038909912  0.16063644063208787
  114.602598   21.584101     -7.9318     15.686442111389159 114.602737   21.58411      -11.2007    15.45830019378662  0.4664378926127682 
  114.64421    21.584459     -8.9124     14.705841754333495 114.644177   21.584484     -12.0688    14.59020002746582  0.14249022838114628
  114.502882   21.582574     -8.7248     14.893441890136717 114.502821   21.582526     -12.2445    14.414499839782714 0.2675049918171014 
  114.577498   21.582725     -9.7587     13.859541629211424 114.577443   21.582718     -13.0082    13.650800308227538 0.1858342637347772 
  114.410665   21.580355     -9.2486     14.369641993896483 114.410813   21.580249     -12.4885    14.170500358581542 0.6253731324073581 
  114.551822   21.582206     -7.4259     16.192342017547606 114.55176    21.582359     -10.8771    15.781900009155272 0.5886070583751185 
  114.610495   21.582635     -9.21       14.408241961853026 114.610448   21.582643     -12.3988    14.260200103759765 0.15995120032907212
  114.602438   21.582356     -7.6337     15.984542106048583 114.602579   21.582188     -10.9443    15.714700302124022 0.7671888213251236 
  114.599455   21.581271     -9.671      13.94724247302246  114.599403   21.581447     -12.862     13.796999534606933 0.6570780867434042 
  114.637125   21.581929     -9.2891     14.329142306701659 114.637091   21.581774     -12.5003    14.158699592590331 0.5694898980033835 
  114.624396   21.580722     -10.6948    12.923441623107909 114.624167   21.580731     -14.4324    12.22660025024414  0.7672941500411572 
  114.563112   21.57957      -10.1096    13.508641932861327 114.563242   21.579554     -13.3605    13.29849966430664  0.4389920664554243 
  114.562362   21.57956      -10.1098    13.508441661254881 114.562305   21.579541     -13.3591    13.299899658203124 0.20270599244774876
  114.482885   21.578456     -8.5322     15.086042140380858 114.483013   21.578569     -11.9175    14.74150045776367  0.5908489017200833 
  114.600411   21.580064     -9.6719     13.946342204467772 114.600361   21.580064     -12.8624    13.796599945068358 0.16738281324080195
  114.590665   21.579936     -8.4455     15.172741626159667 114.5908     21.579935     -11.6938    14.96520002746582  0.45194833484376845
  114.579614   21.579268     -9.8283     13.78994152392578  114.57956    21.579257     -12.9714    13.687599739074706 0.18506095652954366
  114.720173   21.581371     -8.7069     14.911342357055663 114.720182   21.581421     -12.0152    14.643800338745116 0.1825040665283671 
  114.473325   21.578319     -8.1917     15.426542018310546 114.473457   21.578251     -11.5193    15.13969953918457  0.5051724083225191 
  114.534819   21.578488     -8.1682     15.450042460815428 114.534757   21.578628     -11.4274    15.231600364685058 0.5450649909551967 
  114.754662   21.581246     -7.5076     16.110642169372557 114.754698   21.581306     -11.3087    15.350300392150878 0.24734545270607616
  114.613172   21.579183     -7.7385     15.879741881744383 114.613126   21.579189     -11.0588    15.600200256347655 0.15550061578422134
  114.60888    21.577908     -9.9489     13.669341777221678 114.609023   21.577738     -12.5963    14.062699874877929 0.7769935610719875 
  114.605498   21.578387     -7.7997     15.818542216674803 114.605448   21.578562     -11.1484    15.510599693298339 0.6518570556722272 
  114.415431   21.575549     -7.7101     15.908141826049803 114.415578   21.575615     -11.4765    15.182500442504882 0.5464764759950198 
  114.666793   21.578638     -7.7258     15.892441962615965 114.666769   21.578666     -10.8805    15.778500160217284 0.12890261461106098
  114.586769   21.577271     -7.9969     15.621341918365477 114.586716   21.577261     -11.1695    15.48949964904785  0.18104453641304685
  114.604773   21.576809     -8.1466     15.471642230407713 114.604724   21.576808     -11.5785    15.080500205993651 0.16407834121622444
  114.606278   21.57648      -7.7805     15.837742064849852 114.60623    21.576479     -11.5785    15.080500205993651 0.16073179726790252
  114.555856   21.575987     -8.0302     15.588041995422362 114.555801   21.575786     -11.2523    15.406699737548827 0.7466588863725817 
  114.641518   21.576581     -9.6552     13.963041995422362 114.641482   21.576596     -13.004     13.655000289916991 0.1320632912333553 
  114.588665   21.575901     -8.7788     14.839441989318846 114.588615   21.575717     -11.9134    14.745600303649901 0.683222080997627  
  114.629716   21.576083     -7.7847     15.833542083160399 114.629863   21.576095     -10.99      15.669000228881835 0.4940114613010504 
  114.62242    21.575119     -11.2414    12.37684223498535  114.622189   21.575121     -14.0407    12.61830004119873  0.7733685034829211 
  114.608374   21.574241     -9.1317     14.486542437927245 114.608327   21.574238     -12.3226    14.33639963531494  0.1577163821686199 
  114.593755   21.574051     -8.9494     14.668842051879881 114.593701   21.574216     -12.0933    14.565700134277343 0.6209007259232403 
  114.640433   21.573952     -9.0799     14.538342212097167 114.640584   21.573966     -12.2692    14.389799674987792 0.5080236201241013 
  114.708277   21.574606     -7.8586     15.759641860382079 114.708273   21.574819     -11.1116    15.547400077819823 0.7669169199460976 
  114.660487   21.574202     -7.8178     15.800441954986571 114.660458   21.574222     -11.0484    15.610600074768065 0.12087051870509896
  114.595083   21.573022     -7.7601     15.858142112152098 114.595032   21.573012     -12.0933    14.565700134277343 0.17449277596736748
  114.496882   21.570814     -8.5522     15.066041682617186 114.496823   21.570923     -12.2764    14.382600387573241 0.4393103586930912 
  114.651702   21.572524     -8.9202     14.698041652099608 114.651857   21.572542     -12.0744    14.584600051879882 0.5229440317778461 
  114.516579   21.570045     -9.5693     14.048942302124022 114.51671    21.569993     -12.9556    13.703400215148925 0.4768547412600574 
  114.688442   21.572451     -7.5177     16.1005418046875   114.688427   21.57248      -10.7917    15.86729963684082  0.11584970884640249
  114.63672    21.571639     -8.8699     14.74834225024414  114.636681   21.571647     -11.9822    14.676800331115722 0.13370477939036915
  114.608998   21.57024      -9.312      14.306241725341796 114.60895    21.570233     -12.5303    14.12869985961914  0.16266227484378398
  114.656614   21.56997      -11.0513    12.566941951171874 114.656583   21.569984     -14.7375    11.921499809265136 0.11537502658744268
  114.598505   21.569929     -8.2606     15.357641909973143 114.598455   21.569917     -11.9333    14.725699981689452 0.17287905642513834
  114.572084   21.569233     -8.4088     15.209441874877928 114.572029   21.569207     -11.587     15.072000106811522 0.20655897934500336
  114.604323   21.569482     -9.3529     14.265342448608397 114.604462   21.569475     -12.5933    14.065700134277343 0.46604002971855163
  114.58783    21.569267     -8.4159     15.202341769592284 114.587778   21.569249     -11.6295    15.029499610900878 0.1857599364250952 
  114.595153   21.568491     -9.925      13.693241809265135 114.595289   21.568479     -13.5923    13.066699584960936 0.45736242554666595
  114.598714   21.568538     -8.3451     15.273141597167967 114.598664   21.568524     -11.932     14.726999839782714 0.1748188386648966 
  114.778808   21.57053      -8.5546     15.063642238037108 114.778856   21.570586     -11.9788    14.68020018005371  0.25781082421372026
  114.639383   21.569058     -7.3304     16.28784200991821  114.639532   21.569066     -10.5932    16.065800270080565 0.4996693372634302 
  114.741898   21.569766     -8.0036     15.614641879455565 114.741726   21.569983     -12.2425    14.416499694824218 0.9704958099289923 
  114.608291   21.567442     -9.0363     14.581942294494628 114.60843    21.567434     -12.215     14.443999847412108 0.46625508746321587
  114.630034   21.567546     -8.8226     14.79564163531494  114.629992   21.567545     -11.9898    14.669199546813964 0.1406597863993944 
  114.584864   21.567136     -8.982      14.63624164904785  114.584811   21.567114     -12.1604    14.498599609374999 0.19431461704693828
  114.60005    21.566986     -9.1107     14.50754234637451  114.6        21.566972     -12.2987    14.360299667358397 0.17482055489668152
  114.569699   21.56589      -7.9609     15.657342170135497 114.569644   21.565859     -11.1927    15.466299613952636 0.21531785124317485
  114.603648   21.564593     -9.1        14.518241618530272 114.603599   21.564577     -12.293     14.365999778747558 0.17387076090548698
  114.729582   21.566137     -7.4843     16.133941863433837 114.729587   21.566348     -10.9444    15.7146001663208   0.75978443226964   
  114.605349   21.563743     -9.0838     14.534441684143065 114.605112   21.563725     -12.2662    14.392799934387206 0.7961254962160892 
  114.577236   21.563375     -7.4882     16.130041812316893 114.57737    21.563348     -10.7408    15.91820009613037  0.4590463752963605 
  114.655207   21.563852     -9.2986     14.31964180316162  114.655174   21.563858     -12.5146    14.144400199890136 0.11257663270718776
  114.593365   21.56289      -8.9669     14.651342128173827 114.593313   21.562868     -12.5815    14.077499946594237 0.19126688542540274
  114.575017   21.561429     -8.2155     15.402742122070311 114.574963   21.561395     -11.5574    15.10160025024414  0.21833279302514594
  114.411012   21.559106     -7.1624     16.455842231170653 114.411177   21.558973     -10.6234    16.03560026550293  0.731056199302332  
  114.594701   21.561339     -8.3734     15.244842265502928 114.594647   21.56149      -11.6542    15.004800399780272 0.5728773057094649 
  114.57804    21.5599       -8.4688     15.149442408935546 114.577986   21.559866     -11.7153    14.943700393676757 0.21833437174650283
  114.625465   21.559818     -7.3363     16.281942103759764 114.625421   21.559807     -10.5706    16.08840044403076  0.15254702102537837
  114.604315   21.557804     -9.1454     14.472841952697753 114.604078   21.557778     -12.7299    13.929099639892577 0.7990177332826701 
  114.520733   21.556336     -7.6672     15.951041911499022 114.520677   21.556441     -11.1095    15.54950006866455  0.42194788225288077
  114.574345   21.556366     -9.2458     14.372441981689452 114.574289   21.5565       -12.4095    14.249499877929686 0.5175574883506656 
  114.63302    21.556079     -9.5886     14.029641841308592 114.632975   21.556241     -12.8716    13.787399848937987 0.602348322222868  
  114.616336   21.556215     -7.5668     16.051441882507323 114.616101   21.556193     -10.8117    15.847300132751464 0.7908047127160561 
  114.769626   21.557524     -9.7218     13.896442149536131 114.769657   21.557564     -13.7019    12.957100471496581 0.17750798377858715
  114.602478   21.55534      -7.5101     16.1081421121521   114.602426   21.555487     -10.8018    15.857200225830077 0.5571051448403963 
  114.598168   21.555284     -9.0394     14.57884189929199  114.598118   21.555254     -12.2258    14.433200439453124 0.19922498043033832
  114.590492   21.554661     -9.0412     14.577042315856932 114.590438   21.554801     -12.203     14.455999931335448 0.5354497739018471 
  114.613361   21.554609     -10.0706    13.54764244403076  114.613501   21.554588     -13.7751    12.883900245666503 0.4748114144275019 
  114.517593   21.55333      -8.9551     14.663141940490721 114.517542   21.553255     -12.2531    14.405899604797362 0.31946777905697077
  114.599124   21.554076     -9.0451     14.57314178790283  114.599071   21.55422      -12.2345    14.42450006866455  0.5479322280009203 
  114.586953   21.55322      -8.8733     14.744942401306151 114.586901   21.553183     -12.0263    14.632699569702147 0.21921830894186475
  114.623315   21.553341     -7.705      15.913242076293944 114.623267   21.553496     -10.8764    15.782600006103515 0.5806840509153345 
  114.524927   21.551864     -9.2848     14.333442424194335 114.524873   21.551965     -12.9263    13.732699951171874 0.40607473434044333
  114.601391   21.552886     -8.4933     15.124941562072753 114.601529   21.552857     -11.7174    14.94160040283203  0.4737106619525911 
  114.496257   21.551115     -8.3931     15.225142215148924 114.496398   21.551027     -11.7085    14.950500091552733 0.5685541464212196 
  114.611715   21.551973     -9.6603     13.957941745178221 114.611666   21.551946     -12.8554    13.80359991455078  0.1906982119293065 
  114.564108   21.551698     -8.4506     15.167642329589842 114.564052   21.551821     -11.6182    15.040799697875975 0.48086390929832096
  114.660828   21.551544     -9.1528     14.465442393676756 114.660794   21.551538     -12.3242    14.334800323486327 0.11587373590300008
  114.646027   21.551186     -9.2526     14.365642283813475 114.645797   21.551346     -12.4319    14.227099975585936 0.961691965345873  
  114.623727   21.550906     -8.8711     14.747141574279784 114.623678   21.551058     -12.0383    14.620700439453124 0.5712671623309109 
  114.551024   21.549257     -8.7813     14.836942408935546 114.551159   21.549198     -11.9546    14.704399665832518 0.49944433166195995
  114.607436   21.549826     -8.7598     14.858442042724608 114.607575   21.549797     -11.8934    14.765599807739257 0.476986769518034  
  114.782833   21.551392     -10.7152    12.903041575805663 114.782868   21.551428     -14.4993    12.159699996948241 0.17472813512518567
  114.596953   21.548994     -9.2011     14.417141650573729 114.596899   21.54913      -12.8363    13.822700103759765 0.5219206601372054 
  114.680543   21.549169     -9.1136     14.504642222778319 114.680513   21.549343     -12.5499    14.109099945068358 0.6344031603665973 
  114.419858   21.545477     -8.0016     15.616641734497069 114.42003    21.545331     -11.3175    15.341499885559081 0.7797153039178331 
  114.525398   21.545771     -7.6343     15.983941768066405 114.525536   21.545693     -11.5062    15.152800163269042 0.5407144203927233 
  114.640094   21.546929     -8.2666     15.351642344848631 114.640051   21.546908     -11.4433    15.215699752807616 0.16262292114539284
  114.57395    21.545555     -8.8472     14.77104160632324  114.573898   21.545501     -11.9959    14.66309984588623  0.26097699846583333
  114.505733   21.544627     -8.2743     15.343942378417967 114.505687   21.544533     -11.6174    15.04159983062744  0.37180608365866985
  114.463753   21.543856     -8.8653     14.752941821472167 114.46372    21.543735     -12.0381    14.620899757385253 0.44939701254465175
  114.584266   21.545168     -7.8119     15.806341861145018 114.584214   21.545119     -11.2604    15.398600181579589 0.24786035259833564
  114.646301   21.545437     -8.8785     14.739742015258788 114.646073   21.545415     -11.9941    14.664900382995604 0.7675451016589865 
  114.614081   21.544334     -7.6247     15.993541930572508 114.613845   21.544296     -10.8535    15.805499633789061 0.8019951226710982 
  114.622149   21.54374      -10.1546    13.463641856567381 114.62229    21.543709     -13.8208    12.838200172424315 0.4851481306240096 
  114.571172   21.543427     -8.601      15.017242167846678 114.57112    21.543368     -11.7883    14.870700439453124 0.2746493836053263 
  114.610547   21.542546     -9.6657     13.952542041198729 114.610495   21.542681     -12.8706    13.788400253295897 0.5162507641377168 
  114.625926   21.54187      -9.1944     14.4238421663208   114.626067   21.541839     -12.4123    14.246699890136718 0.4851540506938308 
  114.59351    21.54128      -7.8285     15.789742205993651 114.593646   21.541233     -11.1424    15.516600212097167 0.48581955303278945
  114.557551   21.539411     -7.283      16.335242007629393 114.5575     21.53934      -10.7104    15.948600372314452 0.3074030182116472 
  114.603471   21.539492     -7.8631     15.755141948120116 114.603609   21.539447     -11.0422    15.616799911499022 0.4896793560970229 
  114.629904   21.539131     -7.8588     15.759442065612792 114.630045   21.539099     -11.109     15.549999794006347 0.4860034439028046 
  114.676569   21.539184     -8.9401     14.678142283813475 114.676534   21.539344     -12.1109    14.548100074768065 0.5878027393464967 
  114.600317   21.53736      -11.2983    12.319942210571288 114.600267   21.537308     -14.9263    11.732699951171874 0.2511520687433231 
  114.780374   21.540031     -7.8046     15.813642238037108 114.780398   21.540053     -11.0747    15.584299644470214 0.11283316190680741
  114.596754   21.537488     -8.5376     15.080642436401366 114.596514   21.537607     -11.8199    14.839100440979003 0.9107233383114347 
  114.775148   21.538579     -8.6448     14.973441813842772 114.77498    21.538595     -12.0178    14.641199668884276 0.5655082162846664 
  114.682966   21.537518     -7.6492     15.969042037384032 114.683122   21.537506     -10.8807    15.778299888610839 0.524170853744666  
  114.574661   21.535979     -10.9926    12.625641559020995 114.574607   21.536087     -14.6956    11.96340044403076  0.4287940364126095 
  114.593783   21.535706     -8.6489     14.969341967956542 114.59373    21.535824     -11.8363    14.822700103759765 0.4603848235374552 
  114.575989   21.534951     -10.9926    12.625641559020995 114.575938   21.534884     -14.696     11.96299990081787  0.2955410070539316 
  114.534563   21.535093     -7.5137     16.104541991607665 114.5347     21.53518      -10.7947    15.864300331115722 0.5554863439421742 
  114.635586   21.535194     -7.6195     15.998741839782713 114.635728   21.535159     -10.9852    15.673800071716308 0.4919246815878036 
  114.644218   21.53443      -8.7819     14.83634159411621  114.643987   21.534393     -11.8834    14.775600036621093 0.7849363214683939 
  114.483191   21.523924     -10.0768    13.541441653625487 114.483347   21.523964     -12.7534    13.90560015106201  0.5419186646316256 
  114.568522   21.532935     -9.3806     14.237642024414061 114.568659   21.532864     -12.78      13.879000267028808 0.5251749075573598 
  114.712994   21.534561     -7.8259     15.792341922180174 114.712972   21.534729     -11.9999    14.659100135803222 0.6092704906975859 
  114.491696   21.531362     -7.7695     15.84874222125244  114.491845   21.531418     -11.0537    15.60529955291748  0.5381559521945762 
  114.554867   21.531185     -9.0925     14.525742267028807 114.554815   21.531275     -12.6806    13.978399833679198 0.36783094818465634
  114.617661   21.530784     -7.7848     15.833441947357176 114.6178     21.530735     -11.0126    15.64640005493164  0.49778594713674773
  114.437774   21.527276     -8.0851     15.533141826049803 114.437948   21.527291     -11.4036    15.255400260925292 0.585200955389654  
  114.588089   21.528138     -11.0299    12.58834240283203  114.588036   21.528242     -14.653     12.006000122070311 0.41434018888566715
  114.612644   21.527932     -9.3789     14.239342425720213 114.612779   21.528051     -12.6477    14.011299690246581 0.6228300177586512 
  114.613238   21.525848     -9.354      14.264241908447264 114.613189   21.525787     -12.7503    13.908699592590331 0.27413833149597394
  114.664393   21.526311     -7.7918     15.826441977874754 114.66454    21.526277     -11.0768    15.582199653625487 0.5072762100541809 
  114.515636   21.52281      -7.62       15.998242114440917 114.515594   21.522865     -10.9916    15.667399963378905 0.2428752810212785 
  114.609565   21.520921     -8.9394     14.678842280761717 114.609512   21.521026     -12.1071    14.551900466918944 0.41759976308321206
  114.611449   21.520248     -8.1907     15.427542422668456 114.611587   21.520181     -11.4325    15.226500114440917 0.5213213428349782 
  114.605643   21.519999     -9.0388     14.57944176043701  114.605781   21.519929     -12.7486    13.910399993896483 0.5264059640319853 
  114.582036   21.51952      -7.9685     15.649741862670897 114.581984   21.519609     -11.1808    15.478199562072753 0.3646705871133248 
  114.538791   21.51633      -8.7447     14.873541568176268 114.538936   21.516219     -11.8967    14.762300094604491 0.6288962156707464 
  114.756527   21.517623     -7.919      15.699241851226805 114.756332   21.517608     -11.0953    15.563700279235839 0.655302716257371  
  114.70801    21.516721     -7.5244     16.093841765777587 114.707977   21.516864     -10.843     15.815999588012694 0.5265300526736949 
  114.709719   21.515172     -8.3926     15.225641940490721 114.709687   21.515313     -12.2962    14.362800201416015 0.5187906934502167 
  114.542441   21.510629     -9.0592     14.559041713134764 114.542397   21.510683     -13.0899    13.569099983215331 0.24394362842832173
  114.647019   21.510236     -9.0203     14.597942088500975 114.646969   21.510344     -12.891     13.768000205993651 0.42333131324623274
  114.769546   21.511316     -7.6571     15.961141799346922 114.769539   21.511473     -11.1995    15.459499916076659 0.5656860377171983 
  114.492255   21.507848     -7.0933     16.524942134277342 114.492419   21.507695     -10.5202    16.138800224304198 0.7778812508132941 
  114.638976   21.509265     -10.3761    13.242142413513182 114.638927   21.509193     -13.9395    12.719500144958495 0.30678730908745633
  114.686391   21.508796     -11.2239    12.394342158691405 114.686349   21.508919     -14.4092    12.249800285339354 0.46460741345585216
  114.637134   21.507151     -7.4458     16.172442172424315 114.637272   21.507077     -10.8187    15.840300163269042 0.5334847410208752 
  114.618026   21.506737     -8.4893     15.128942225830077 114.617973   21.506826     -11.676     14.983000358581542 0.3662893324857848 
  114.63002    21.506714     -7.6581     15.96014187182617  114.629965   21.506983     -11.9605    14.69850023651123  0.9857653671211452 
  114.555451   21.505576     -7.3115     16.30674192752075  114.555595   21.505458     -10.532     16.127000411987304 0.6427115531486794 
  114.581185   21.501733     -7.9345     15.683741782562254 114.581135   21.501795     -11.0661    15.592899879455565 0.2790438847773066 
  114.70218    21.505496     -7.2982     16.320041869537352 114.70214    21.50562      -11.452     15.207000335693358 0.46607109243094896
  114.610194   21.504198     -8.6553     14.96294185961914  114.610331   21.504107     -11.8358    14.823199829101561 0.5638105843239207 
  114.769257   21.505385     -7.0124     16.605841849700926 114.769058   21.505531     -10.3975    16.261499961853026 0.8488300438683767 
  114.515421   21.500678     -9.2882     14.33004162158203  114.515576   21.500703     -12.8275    13.831499656677245 0.526913700540862  
  114.439172   21.498553     -8.2164     15.401841853515624 114.439368   21.498524     -11.4063    15.252700408935546 0.6647584011999202 
  114.417435   21.498233     -8.0073     15.610941623107909 114.417646   21.498188     -11.2878    15.37120016479492  0.7250827855690747 
  114.698346   21.498652     -9.2149     14.40334198321533  114.698302   21.498766     -12.4019    14.257099708557128 0.4360606179753883 
  114.532914   21.496561     -8.4011     15.217141841308592 114.532877   21.496587     -11.6294    15.0295997467041   0.15530849924912898
  114.535399   21.493458     -9.0413     14.57694218005371  114.535549   21.493484     -12.2133    14.44570024871826  0.5110919572610294 
  114.689798   21.493845     -8.7997     14.818542216674803 114.689563   21.493945     -12.2072    14.451799949645995 0.8655811787331209 
  114.516122   21.491802     -7.3763     16.241942141906737 114.516093   21.49181      -10.7384    15.920599540710448 0.10132041520851034
  114.693008   21.49214      -8.6298     14.988442157165526 114.692964   21.492067     -12.1474    14.511600097656249 0.3013080067867001 
  114.588863   21.489808     -10.1577    13.460542415039061 114.588813   21.489856     -13.4083    13.250699600219725 0.2406484793785225 
  114.409168   21.487833     -7.6221     15.99614212359619  114.409394   21.487765     -10.8401    15.818899711608886 0.7956466430887106 
  114.674293   21.490697     -8.3996     15.2186419710083   114.674242   21.490788     -11.5289    15.130099853515624 0.36946791499203174
  114.414091   21.484771     -7.7958     15.822441790954588 114.414316   21.484701     -11.1764    15.482599815368651 0.7947287298308976 
  114.585937   21.485065     -8.8963     14.721941684143065 114.586076   21.485107     -12.055     14.603999694824218 0.4895625612304262 
  114.641783   21.48455      -8.6064     15.011842463867186 114.641731   21.484443     -11.761     14.89800032043457  0.4227554212147605 
  114.545893   21.481402     -8.7655     14.852741931335448 114.545853   21.481586     -11.9084    14.75060041809082  0.6758172839749002 
  114.507865   21.480538     -8.2042     15.414042209045409 114.508032   21.480525     -11.3742    15.284800132751464 0.5613959885671926 
  114.611298   21.480859     -11.0724    12.545841906921385 114.611245   21.480904     -14.7513    11.907700141906737 0.24034753118425461
  114.772028   21.482052     -7.9368     15.68144199694824  114.771813   21.482166     -11.6304    15.028600296020507 0.8289523031026439 
  114.606451   21.479229     -8.6189     14.999341700927733 114.606398   21.479269     -11.7603    14.898700317382811 0.22860368025626301
  114.65088    21.47769      -8.9322     14.686041568176268 114.650824   21.477751     -12.5969    14.062100013732909 0.28882218942541515
  114.763645   21.478822     -7.7895     15.828741763488768 114.763614   21.478756     -11.158     15.501000007629393 0.25930392885091974
  114.575451   21.472383     -8.5223     15.095942233459471 114.575404   21.472569     -11.6642    14.994800170898436 0.6878638567497681 
  114.639942   21.469888     -9.8552     13.763042186157225 114.640073   21.469932     -13.0984    13.560599884033202 0.4665858803403078 
  114.72745    21.468656     -7.7422     15.876042102233885 114.727399   21.468735     -11.4503    15.208699783325194 0.33177850991011165
  114.586406   21.4666       -8.2231     15.39514229144287  114.58655    21.466436     -11.5491    15.109900077819823 0.7624434053146701 
  114.544446   21.465876     -9.2816     14.336642001525878 114.544415   21.465858     -12.4674    14.19160040283203  0.12241618027383129
  114.547259   21.465739     -7.2357     16.382541869537352 114.547226   21.465723     -10.5535    16.105499824523925 0.12466431560617106
  114.583441   21.464471     -10.2544    13.3638417467041   114.583395   21.464474     -14.3065    12.35249956512451  0.1544927092436765 
  114.495406   21.462421     -10.147     13.471241687194823 114.495589   21.462369     -13.4573    13.201699813842772 0.6410591449463959 
  114.616803   21.463675     -7.4475     16.170741771118163 114.616937   21.463698     -10.6824    15.97660025024414  0.4565170436514565 
  114.490019   21.459385     -9.3758     14.242441867248534 114.489833   21.459318     -12.5097    14.149300178527831 0.6682310133165398 
  114.465868   21.458        -8.2914     15.326842044250487 114.466074   21.45792      -11.9166    14.742399772644042 0.7478741705057397 
  114.692922   21.459892     -8.5887     15.02954170550537  114.692862   21.459942     -12.0032    14.655800422668456 0.26983562142325124
  114.604939   21.455335     -8.8526     14.765641902343749 114.605075   21.455337     -12.0127    14.646299919128417 0.4557290610984738 
  114.431873   21.451067     -7.3771     16.241142009155272 114.432112   21.45095      -11.157     15.502000411987304 0.9048154879671914 
  114.638723   21.451225     -8.3759     15.242341731445311 114.638664   21.451235     -11.5137    15.145300468444823 0.20093805758726951
  114.722079   21.451512     -7.3722     16.246041987792967 114.722019   21.451561     -10.8216    15.83740003967285  0.2674562936241011 
  114.670767   21.450567     -8.3762     15.24204227770996  114.670704   21.450591     -11.5061    15.152900299072265 0.228087888463926  
  114.631618   21.450267     -8.6098     15.008441661254881 114.631374   21.450269     -11.8662    14.79279955291748  0.8175896225258273 
  114.632006   21.4494       -8.6077     15.010541652099608 114.632136   21.449406     -11.8662    14.79279955291748  0.43612194551449573
  114.64307    21.448664     -8.5682     15.050041888610838 114.64301    21.448672     -11.7299    14.929099639892577 0.20309342442226494
  114.752514   21.445228     -7.7348     15.88344213809204  114.752453   21.445453     -11.1322    15.526799758911132 0.8353908560466629 
  114.456947   21.4415       -8.0572     15.561041568176268 114.457169   21.441557     -11.2107    15.448299964904784 0.7716714135355687 
  114.551383   21.441227     -9.1882     14.430042003051756 114.551353   21.441344     -12.856     13.80300005340576  0.43302983456527483
  114.599741   21.439761     -8.4919     15.126341555969237 114.599693   21.439729     -11.7749    14.884099563598632 0.19784186670043183
  114.613609   21.439413     -9.044      14.574242328063963 114.613556   21.439388     -12.4344    14.224600395202636 0.19910018529246687
  114.632165   21.438772     -9.5815     14.036741946594237 114.632294   21.438758     -13.4203    13.238700469970702 0.43519583863054134
  114.783505   21.439113     -9.7345     13.88374206866455  114.78345    21.439164     -13.1129    13.546100219726561 0.26014481328658945
  114.686714   21.436115     -7.3467     16.271541808502196 114.686647   21.436121     -10.7423    15.916699966430663 0.2255517855474215 
  114.671591   21.4328       -7.5163     16.101941798583983 114.671522   21.432967     -10.7345    15.92450006866455  0.6441313140644578 
  114.43617    21.428313     -7.9668     15.651441787139891 114.436421   21.428329     -11.1868    15.472199996948241 0.8431088385701111 
  114.645017   21.431087     -7.9547     15.663542006866454 114.645145   21.430891     -11.397     15.261999687194823 0.8257484310932203 
  114.504241   21.424566     -8.0569     15.561341975585936 114.504438   21.424449     -11.6643    14.994700035095214 0.7831127687312114 
  114.751661   21.426392     -8.4958     15.122441981689452 114.751591   21.426409     -12.738     13.921000083923339 0.2424354337218    
  114.633309   21.424845     -8.5833     15.034942363159178 114.633248   21.424978     -12.118     14.54099996948242  0.52061408018165   
  114.536174   21.419074     -8.6229     14.995341990844725 114.536161   21.419138     -11.7891    14.869900306701659 0.23448306086170792
  114.536372   21.418379     -8.6227     14.99554226245117  114.536359   21.418443     -11.789     14.870000442504882 0.234483099377043  
  114.56334    21.418908     -7.7239     15.894342158691405 114.5635     21.418818     -10.9482    15.71079977416992  0.6265035830255821 
  114.539941   21.41773      -7.434      16.18424198474121  114.539929   21.41762      -11.05      15.608999809265136 0.39803691627293825
  114.70682    21.418918     -7.8899     15.728341792480467 114.706932   21.418904     -11.6347    15.024300178527831 0.3787217049346725 
  114.618473   21.414904     -9.1265     14.491741870300292 114.618416   21.41501      -12.2868    14.372199615478515 0.42674606717453684
  114.737572   21.416301     -7.6493     15.96894190158081  114.737309   21.416292     -10.97      15.68899973297119  0.8820206399207773 
